87057
-86141
-67640
-45205
77337
-2410
-88676
-46498
41850
-69783
-88070
-80400
36607
90016
24524
-57406
82106
96728
-34238
-8857
15750
-14548
34722
-89527
70503
81514
66707
-71211
32988
7092
-47239
-51958
-69363
96203
2809
63840
26061
-15693
-16163
32411
-22646
-50675
-34482
-41482
-32543
19625
-4524
-60372
7945
72824
-60325
-76269
-48657
53833
-88143
-9251
-35490
14702
20534
-99969
-69714
35994
42555
-69541
-91377
-36154
-76629
87463
-50393
-46923
19285
-96204
96542
-59678
11924
-5006
36981
-70173
87340
26453
11966
52082
86527
52934
-30622
65412
-60712
7508
63407
76134
42044
-66262
21790
-15027
36620
98027
-56355
-89042
3464
93765
97899
10600
89427
-43953
-87210
-90671
-70826
-48342
77496
-4386
-82068
-76588
-77362
-93871
77836
-64359
-7992
-92339
-68996
-76769
45376
-94700
36268
-56430
65381
36669
95233
-15697
-58667
35697
-89410
54502
-64840
-8360
966
-61478
-52498
80386
-12903
-30569
-56753
43307
61626
32497
32467
-39115
-83498
-38020
87982
-4127
-63453
261
27064
89205
52119
67381
-54473
33827
-12078
14550
-53161
-59071
-30836
27407
38751
80134
-52314
-90300
-27949
-57610
-84819
11713
-65761
-12638
-3460
1934
29682
-52127
-32580
63070
-28451
27346
36341
-65302
41432
60882
44161
-48910
3188
44895
15772
11253
-78104
16795
-15095
-24799
-21819
-12743
17012
-6902
39744
-55421
-75627
91776
36775
-72371
-63812
-40306
83929
-35196
15442
-44889
-67110
27475
-79098
-23639
28845
-33485
42090
62958
-57878
-13200
56582
-39399
15295
49296
70780
-56598
-13938
96230
6045
-59716
44505
-65265
-71076
-26100
-52364
26758
41970
-38320
74387
-13891
23816
26701
97925
-53295
66348
-7384
-79906
-82478
-3069
-55284
58848
71039
44085
13649
95394
-49883
11033
93114
-507
50881
-29592
35793
-77001
-30551
175
-84325
-27473
-94533
39216
42703
-69003
-1038
-25388
-7729
-56729
80468
-60539
10228
-33964
40064
74341
-9184
-88311
-76045
-24210
-67219
64218
-88497
64996
25737
93573
78643
14676
67215
-33317
-87618
78716
20218
42217
4140
-15172
-68448
-61099
-5383
-83838
42177
-20846
96962
-15716
4254
-77034
95282
45833
-16981
32381
21579
23662
-24091
73042
-75417
68046
-61175
-60775
-50501
13000
-43440
66830
-59400
17612
43252
-93613
96420
-37885
43324
79332
-43360
-69101
68771
-28366
42911
-85608
-44279
-35654
52494
48595
-9616
76679
17749
6159
-88492
-23720
-18383
74908
75574
-2015
-83859
79670
45772
530
44336
-63933
-31043
8578
30070
10160
87853
-79322
33792
-93503
78460
39730
-20356
-97748
-48360
33890
96338
98881
55758
88884
-39617
23483
1549
-90777
29808
-7687
-54886
68895
34711
57116
-17228
-70110
83655
95199
-66233
-4961
-37292
1771
-34551
93594
43039
29522
-7726
14367
-90930
16011
-85454
-90224
82637
5039
-87425
82540
-59699
-48334
21202
55671
97766
20139
71768
52770
-89726
-11614
-54226
-13167
3389
18874
-33347
-33869
75909
-61206
-88554
-60832
-3588
-65723
-95133
33032
87633
23502
34599
5024
-55359
-77619
3213
47465
91195
-35834
35139
-11450
-71444
8280
-84414
75381
-86800
66975
-43974
26469
-11530
-72682
94292
89940
-72319
96842
-2527
49951
81007
7249
64718
-95147
48058
2717
-91415
-68020
10659
73389
-24820
-91574
94479
30917
15708
-83976
-18431
92289
-92151
14244
6609
7671
5236
-78447
-82649
31547
67220
39489
22636
-3144
-34760
43463
-89027
-53219
38259
76629
99409
-59650
-53756
808
-22174
99370
85011
62980
-94860
58382
-67744
-88342
71362
53156
-14332
19828
94111
16894
-43900
-80233
58201
55523
80739
-20043
-95610
-63759
44359
-9979
11568
-66440
-36339
27458
-26050
-14851
46857
85977
-70829
91166
-34452
24135
-64905
-61494
93596
424
-13288
-68248
87388
-80359
80917
16002
46593
-34398
5705
-34698
-41048
-40247
15510
-54998
86560
-58101
75499
-3982
-87610
-89096
-75584
-27186
-60819
17865
-32340
83859
-80404
-50122
-97832
62826
81914
91914
-64008
86172
15486
-66185
-50316
-68358
-23377
81360
65728
-14940
-27012
99273
43772
96711
5833
22762
99516
-79604
37505
-1976
40119
54975
2655
-40518
-93369
-23033
98314
5739
-63772
9643
-20513
-47714
-10176
32211
87045
68845
-43069
-31007
-31803
50508
-57833
52545
-28978
-71935
-99785
49403
-11417
-96816
48723
73645
93537
-54881
31699
-12261
-27632
-14104
30574
96513
-8048
-62123
-66294
-54655
-62044
11380
47556
-93063
-25375
-79307
90623
21610
60573
-78818
61763
44458
5622
94669
-88682
1875
14289
93168
72568
-54131
-5755
-76756
-76367
-5122
-21056
-63704
-64718
-20430
-18015
-34524
-47946
-11059
47583
1772
19579
36473
78675
55033
-59495
43682
-29188
28426
-64522
2406
41353
56007
-97726
-18393
-11179
-64442
-29739
62300
23704
-70383
-64347
74534
25199
-74178
-23337
93262
54422
48035
-37656
53749
-62471
67030
41018
-30254
-87017
-66481
26313
8002
17286
-50655
90157
-75412
78975
-67983
-1121
-59630
81456
-34148
29868
-32685
-21979
-46468
10883
53070
86120
-22977
17893
31612
44920
44541
-39430
-16482
-21888
-10411
-56794
75364
-54720
73859
99583
-57462
35271
73810
-21419
-72220
-79793
-23812
-55942
-20656
41483
74615
82267
46699
65972
98863
98920
11060
70458
3345
-48834
4339
65810
-99217
83967
-84084
-90203
74502
31459
78410
-81958
9374
-29792
-86632
-62792
-11952
86007
92814
59816
78570
94303
-43146
97047
58600
-8225
-10333
-42493
51115
91988
-36245
-47565
80854
40036
-36376
-16361
44147
-85115
49029
-99776
-77937
-71794
71920
-99971
83562
-80481
46047
86209
24209
76932
93294
80109
-90362
-20886
95418
-71560
11642
-48115
-13112
-26199
-94108
-45174
30657
-61603
-84070
64852
8174
55215
38913
-99675
-53608
-5602
-7041
83366
64105
50086
58714
-65566
50368
41529
99810
63071
32963
99524
90736
37719
88952
-68115
-52437
-10908
57009
-89876
-2598
70912
-769
-38993
-96259
-82092
27909
24759
-76587
48520
17565
-57543
-75988
51794
58401
49448
94794
47351
65524
25463
58540
2300
43517
2385
-96750
66212
-77887
-38046
-35758
75037
42105
-90630
-20377
27745
-46467
87997
20837
27707
39819
-21406
-66889
-87265
92728
13666
-34028
-49778
40992
-77099
94773
-81053
-29053
-52028
41496
-89136
78508
-49811
25917
-57781
-36905
-19166
44100
88062
-24109
26491
616
-81886
-53161
-38891
71976
-38441
-2806
-33671
-44781
-83748
-27979
-2002
18793
-90792
-17338
17175
87826
-58002
49430
-78783
-97843
51004
-48701
43792
-43716
96507
-1223
93359
-37533
-43451
23245
-88907
66694
-95908
18173
-31587
10777
65179
21651
-86840
-73390
46113
38911
64218
39231
-30138
28380
-19798
91563
86860
-24466
-79844
85479
5191
18683
-93985
-87748
-92697
13
46032
99316
17556
32542
-71719
-50617
85386
-65833
87650
69079
53903
-93178
-74723
-46523
-47151
-29635
-73179
62385
69395
-47664
3739
45165
89659
40544
5456
51557
73745
93277
-34825
67497
-66493
68552
83805
-98248
-82228
-23829
79049
-57305
-99918
56795
-99271
-90446
39896
28369
52071
14549
25393
48209
-37311
45064
25493
2820
96327
-31453
-41413
-72202
48223
4148
87208
-39334
-77403
-74673
-31291
-57430
-82317
42032
-8937
-93006
91042
-56633
-70892
-92844
-3100
-5965
-89484
-1819
-74630
67836
-72696
-7165
-32155
-4633
71027
-35894
-84060
-47219
56658
62899
-22521
-46310
92292
-86648
-25218
36368
19761
51919
49475
43480
-42162
-9222
-83260
96734
-33395
-11833
-4663
-31466
-66681
33978
69582
-63597
-93631
31036
121
-70662
-34409
-99432
11438
76320
-9868
16302
-11693
-53059
-49237
-36651
63872
-44652
73866
-41853
60870
-84942
-87770
34970
-49972
12945
79057
-17695
-86841
-30210
-83415
74922
-69524
-9403
-42969
64975
10850
-86101
94278
-89999
-65480
-89098
13910
83812
-13522
-92606
76378
97437
-67376
-84695
-31988
-36536
-13266
-80222
-7132
-51411
-75931
51477
-62789
-62149
15507
93517
-59120
-34390
95741
81502
90112
-17778
93556
-71289
73691
-5736
-525
-27049
76804
19647
31611
14526
-24656
-409
58771
-58477
-15409
-57256
5493
28598
-39384
2259
-8541
-46122
-40799
-54592
60110
88614
61489
-38213
-5744
53976
29901
66939
-70370
83571
96588
13835
-81653
7857
80193
-20329
77808
55608
-58400
49695
11297
-25389
66305
-50634
-83197
-11666
-35086
50518
87106
-16097
8178
-29401
-59833
-97741
20095
-62212
81923
-32365
-5356
-94736
-34109
-88993
80886
-93399
87220
-12308
-53024
-3439
71014
80950
39479
16532
77530
-52226
-53814
28736
-41100
-42912
-15638
-44161
-24086
34448
47913
46818
-87430
54225
2518
28113
57824
51989
95134
96253
-95649
-60050
-77867
-50056
96292
-80471
52349
-12346
-73284
-77514
-25059
-73248
-83596
80980
59325
-22338
92027
1643
-87248
78220
-89661
-81448
66473
36721
21620
34847
-27347
-93351
-68378
-55984
-76666
-71687
-50839
68975
4343
40148
67270
-82126
76912
-87984
62933
83424
-20119
-82533
34884
-99682
24020
-94061
-34933
-72098
14353
-61166
-53126
1236
-8485
39782
-17995
-70444
20549
-81463
18253
27823
15865
-47282
88714
-84068
-41794
-25345
72708
4302
8448
61943
43055
-54615
-69255
-90850
-24417
11161
57167
-11825
86683
-88767
65651
11978
-45935
-57825
90320
-10352
-70475
82938
10377
-54274
25675
-43027
46850
72457
-12392
-72853
-52224
-1249
-35887
49483
97670
2037
-30295
-36044
7328
-77772
-66635
96382
-23661
-86515
26720
-54635
31502
-64522
98876
-97434
-1625
-74283
26948
52273
47755
-39239
-27261
92561
-11656
-13942
54804
-83941
78355
-71528
92827
-79521
-29880
-26072
-90124
91513
-14919
82634
-78485
4573
40411
14342
34421
60392
-61458
-16413
26070
28030
47534
72987
26233
70700
-12795
-54262
-60507
-53748
56044
-70349
-63590
55456
57812
-40788
40139
16889
29215
93222
-47399
53616
-65314
6401
-35666
72594
-51047
-60302
32820
99167
-96006
10349
-66874
-23560
-99434
41141
58709
-89387
-90682
-3654
38968
-31313
58454
66877
-84935
45905
83057
84751
-8577
97001
-85335
74269
68833
-14227
84711
-80983
-23445
54514
-23450
56826
-50729
-92753
32691
95280
-80224
-89884
-46730
-61151
-89330
-69464
71437
-70817
-25438
-31160
98056
92755
-38361
43477
43870
20479
81062
32606
-6020
-47598
-45710
63745
77828
28109
-55453
-9375
34219
-41658
-26843
74136
-67794
-90105
-86232
-21509
-61900
-9941
-19771
53345
-77572
-31986
26986
-28690
-54833
-23629
-25795
37536
-36374
-94103
47299
85960
-1101
-14665
30837
-45741
59223
31693
-22875
98190
-53558
10512
28134
65907
-63217
-73121
26808
36302
-66762
18822
84507
-14947
-32329
-66685
82880
-67927
67713
-12509
69408
-9360
-33775
79886
57676
90983
-77848
-84854
-44149
28486
-25538
-84866
47891
-43929
-31676
24530
9815
-39626
-23192
76874
73815
29544
-324
48206
51606
29495
-55869
-26934
-42134
5389
85151
28838
-69209
-35136
64923
-86214
-22164
78192
-77161
-26520
71053
73157
31612
-41762
-83255
93562
-6399
7960
-90136
-75449
27611
-76054
-93443
-15316
-37693
31204
6394
-46636
-70546
42530
63640
95886
-45662
62456
22211
92203
-17449
-45265
83927
-36533
-41328
-9601
-88272
-21262
-66109
46074
-66157
-7264
9918
10436
-4214
-16040
82163
-65222
81350
39672
17975
88388
31752
-76354
-61122
-1007
42340
1117
-32553
-23044
24347
31500
-77073
-44001
-8376
-6972
9357
-69115
-61349
10804
-88297
-37306
-59673
-59593
24740
12484
41498
-60788
-83864
-75840
-35247
99971
71947
79107
-99846
73664
6572
-94456
-76573
60963
-971
-98039
87116
-1315
-8730
-48491
69668
27403
-53156
-9981
-93675
-43492
-18377
-56898
-60757
12261
55938
49675
82081
256
36589
-59132
60107
-67494
47267
-70236
-59467
13956
-52725
-67069
-43773
-2468
60778
24634
21136
97363
-7089
-375
82845
-27671
-59105
-42205
47125
-21697
46780
931
-31198
74635
68569
46124
29792
6468
21958
64129
-38263
-89693
-32195
-22683
-59180
-94668
-69586
-24024
-84888
84707
-73003
-71211
-61129
66480
-7189
12365
-84334
-7096
9564
95431
35817
-14617
55022
-7635
-58566
83240
61011
-73264
20244
37871
63233
27174
-63892
-73213
-94151
75860
33555
-27279
-73557
-30464
-66469
20595
-23646
-51364
-7285
47353
50297
-50606
-70201
83909
60773
67695
-95094
45522
-3278
41751
-22935
57748
-92102
-43640
30898
79629
-74368
52204
57437
85113
-64494
-91577
71977
42593
-88159
-37934
1068
-24004
-90251
-90039
45134
-4157
16107
34973
-59824
-67889
96071
81351
71068
34300
-58234
59177
31124
-32376
38772
-40212
34095
59313
15362
-95458
62339
61418
23176
-60986
-18889
80723
36312
-39469
-33979
-61739
-67270
-21710
46711
-54590
-13902
19703
38447
-9974
63873
19225
-45292
58034
65633
-49003
7915
-3179
36725
-21481
63097
31524
-55941
-46864
-91611
-85111
24320
88514
99590
74911
-21234
-59894
-13132
21773
94220
-95603
-49841
63999
-2470
84345
44970
-87877
-18641
-65099
30994
27959
-98914
-76124
46763
50284
-37499
-72685
-50010
79610
3584
-47639
-8256
-21973
50022
92347
91928
-74138
-8745
-50981
-84141
-2603
-4951
-82558
-62526
6901
13043
27508
-55713
4363
44412
-32112
14344
8332
50936
-94819
-84039
-82510
88844
19132
-89714
13633
-44999
14293
-16056
-11184
-39971
60277
-28862
96647
-91231
-28696
86
-42834
-16822
28117
98097
-92503
55074
-77402
-49158
83487
-42785
-87383
-69443
69682
64576
68103
-62722
40358
76429
-21375
-50773
-24718
69837
99633
79128
431
-47977
-8373
-46543
-66705
88633
-20289
31283
-94689
15381
40326
-53350
91874
-50625
-13021
-46697
64424
-95545
63012
47807
71836
-17376
-96363
-66480
-3059
-61975
-13142
-50193
60538
73692
94676
-29631
70358
1398
-20241
-68975
-95479
-20872
-20589
90174
-99903
92675
6701
-54812
31585
26650
-74891
28821
2873
29050
-55878
59841
19399
-93107
-21742
-28349
94693
51237
29169
27516
-1168
87079
-12915
-25228
-79007
29159
-93652
38800
-2484
8881
-54142
294
-48270
13259
-92768
-22454
-24945
65412
-53689
-32529
-658
79844
91410
-65623
95980
-95577
-81734
19834
87361
55556
-25959
4461
-36057
48402
69314
53192
94759
82011
-8655
-12856
-30993
-32291
34421
90557
90546
-16177
-79211
47767
33787
-14680
53344
-39510
-53076
71096
-10651
54360
-24345
-2745
-80679
80492
50092
98648
99049
-14635
99609
-81099
-28349
51333
16823
-12687
22765
-39301
42225
84741
-72231
-43863
-49288
85823
-70992
98433
-35611
-22589
83758
70702
72154
-8886
53948
26712
-7923
-2211
59648
17923
79982
-60029
84572
-91266
-4268
92691
56154
-85138
26536
14331
36166
-47183
76005
-67419
52610
-25930
7069
-94607
286
-33992
34892
-31132
-63794
74920
65324
-33828
64959
-90885
-9503
-13201
13067
-99962
80727
-28387
-85353
-74615
44722
41486
37632
-98646
-76159
-95580
12230
-409
-56708
85451
36095
-96692
73458
-6336
-44497
42461
36273
97529
55359
91363
18349
-85072
73068
84698
74154
94372
55673
-71051
-12040
90413
5522
-11342
56874
79792
79961
-47898
97904
24289
44926
57770
-89445
-36575
-4647
10950
62988
-740
-52876
-10970
76468
-16115
-52359
-43301
83321
-39021
-4366
-88298
2131
-50195
-28275
-28269
99845
-26045
77498
-44986
86598
-47858
-24087
3857
99673
384
64423
75421
-96830
-57689
-29557
-47431
16597
70187
-1744
-85473
94293
22273
22973
-69922
25935
98857
-48900
-97066
46427
-83189
78846
-82299
-99010
-11267
-89035
-60591
21091
-85207
-14141
-32048
-93731
95620
15691
22235
-18828
12467
16033
90514
15911
44246
58354
-32737
-41462
-34491
12714
51380
4624
56945
-28125
89589
242
-85865
45978
3516
78991
8121
19243
-19250
65325
515
-22646
31185
49849
-26979
-84927
-93942
-32493
-27770
-27693
-56989
-85877
51680
12160
7329
3469
89466
98484
79689
-98881
82294
-57742
-2354
32888
-19801
-99122
20884
-18717
66531
67211
28855
-20857
96067
-25450
41124
-76537
44179
97862
-83482
82055
-46397
-29895
96114
-33475
6375
54224
83909
-12304
-88983
-16615
93862
-4354
-18335
-60170
63677
-62824
-32678
-25053
95271
-53734
-72995
-48992
-58121
30871
-38428
44703
-59436
-80952
64291
-6945
-41593
97074
-7289
-43437
2237
83358
-43886
-75069
-88223
-4395
2422
-37739
34934
-67601
-24540
-95132
-63854
44493
-36797
-69419
-92293
72820
-41797
-15085
95156
53974
30397
469
20414
18110
2850
36847
-13054
10077
62068
-44851
-83800
-11395
98113
23714
55530
92070
-31587
39144
26687
99020
-80982
-47079
74987
-51232
78123
-88218
-96605
-32309
-17128
-10321
-33885
84633
-83933
-30485
-26239
76683
-80525
75267
46749
90054
-30408
-88589
-45435
88638
23028
11637
-90912
-17218
7761
-35222
-15655
31908
-34997
-28424
-80296
32456
76553
-70784
-49418
63926
-23428
82939
77075
-46129
15673
-43465
-98032
-25132
-17315
16162
-32638
-3237
-94264
40291
-54994
98279
57865
-61995
8463
-7054
-76088
51433
55755
70871
34567
-13908
-48568
-82395
94467
-99923
-23808
-8399
59688
-20461
73934
-38250
6967
48369
-10188
-1176
16104
72656
49528
83630
37383
-7316
29128
-19718
-83754
80519
-29010
80221
64207
-46601
61396
7977
80047
-3186
-59611
-90343
-47547
-31888
-64256
-59172
91461
37294
72252
-24837
-76150
12090
40688
-93123
33333
83757
12098
48287
10938
17115
8093
-554
20429
68642
58368
99737
-47164
-92117
-92116
63524
44528
-95372
-89371
-73633
10622
-89029
-14721
-10803
-99946
-32530
-74265
69036
-80637
-84795
48362
83886
263
-81504
58836
-14498
-8876
-99527
74017
20610
-91028
-38045
66555
-93836
98286
-49843
46215
-59433
-53095
52747
74177
70408
67056
-62845
-87694
33819
-2001
-90760
42855
1595
-33645
31479
-75330
-29040
8286
14651
-56775
-96623
91482
-9636
-44135
92729
-58047
-76700
-88361
36424
7670
10867
55428
-92097
-19115
-54377
59655
43962
-96157
-23118
36062
-43467
60269
24477
31380
-35238
-55536
-28591
-89091
52212
45509
-79147
-51022
44360
-29209
-7273
-23185
-6945
-37024
-46826
-10627
-3328
-86114
6369
97433
97651
31579
54283
20988
-83664
12883
13477
-50176
-23052
-25541
6842
46594
-53390
-46323
-77896
-72590
78230
-77875
-75912
-49139
-401
83011
-79218
6832
17325
42413
-72839
18231
-59603
-18393
42448
-80692
-10881
32173
-75998
2503
-95970
-18748
-46295
11566
-27148
89798
47973
6641
88696
-65657
84219
85901
-66301
-22074
-17085
85139
84005
-45195
1793
-47501
-63362
16630
-73269
83404
-14655
-8312
92929
74500
92020
91032
-8516
64844
-65326
86266
4068
-92904
76730
-88818
57322
-69338
68783
-81273
-79162
90883
70567
-97849
36493
69449
29125
13565
83653
90749
-40064
50082
86552
26565
84841
-80914
-94405
16105
43098
96040
41984
7065
36486
-80133
10304
-96763
-87362
42300
-21195
42204
78388
7462
-9723
-43678
24955
-10436
-9389
-65058
18914
30342
-27040
-76450
35546
-73071
28913
30423
-85458
49017
14998
24948
88788
-4492
8842
-35329
-79394
95315
54114
7034
-32893
-67785
-66749
85708
-82475
-28689
-31910
89381
16805
59072
-57362
12285
46582
11254
-7848
74000
48132
84192
91946
-46699
43217
31208
-77850
61831
752
23066
29924
74517
-11016
66148
13059
-77306
-23244
-9750
-92248
-3173
-6178
20285
25423
34901
13623
-25893
-92756
-98439
45657
-47713
4459
99480
-48602
-83683
40711
-10111
-36811
-43820
83192
16302
48191
-49683
29391
-73828
6445
-77549
93394
-86055
79222
15873
-73917
-8839
59785
-98699
-19185
32959
-77370
-35180
-19650
24204
-64242
-80100
-75808
-85585
-65247
-70494
-67057
72214
33503
95647
65465
-65403
86642
46613
87944
-5597
53593
-80414
-58846
68894
12101
-67636
54930
89694
18275
15689
3872
12280
17441
-47421
24142
6579
-85044
-41249
-48639
-29805
-32735
-8476
41074
-49335
-72689
67065
44398
-30877
-65835
-73513
-94770
-88780
-90422
-22091
36212
47908
-87354
-42897
58735
-67398
-37843
56397
65580
-58692
5819
-79094
-51695
78687
-92927
-18446
87970
50785
-5544
-21514
24437
29209
-17474
-63535
-78423
75531
34588
6778
52501
-59211
2171
-16031
85479
-35424
13391
19155
94128
-53021
59422
67867
-52223
-45391
-87735
73296
-68523
31017
57185
-52267
66403
52987
-83263
93905
-91057
-77088
35714
-94975
85128
1800
5008
20986
-74908
-35308
54689
-34607
77
20575
58658
98299
-56552
-20782
44178
7992
-55724
-89890
-508
-26003
95975
-84192
-65968
-56498
-83546
-61090
-58361
-15846
77912
46103
88875
-3908
23827
-20554
-86537
16566
-8833
-56231
-91834
14027
-47861
-37512
-30075
-65832
-29943
-3920
70129
41560
-38336
-2847
18047
37966
53255
60765
58533
-46386
-29302
54947
16408
-83442
33334
84832
-71447
-10574
-76707
-74635
-70004
-51614
-62209
50680
-11831
-7375
-4023
64854
-87483
83544
67977
77856
51684
-12728
50596
55297
16458
-47828
-3091
-29863
-79168
84729
-23464
98370
86874
-8653
-67604
-4799
55066
4179
419
84086
-90599
-82042
91778
-69008
93953
-63429
-81581
-72373
74825
25245
72529
14483
34950
-99982
13765
79199
50650
88881
34540
33127
-64046
-98359
-64019
-95287
-70502
28427
58308
71608
43939
28874
15834
-12550
96244
-56266
15436
15518
68099
-91391
-60748
6705
-29440
-85780
-80879
83491
61558
74107
-8641
19045
-43484
68123
4018
64579
-99770
11644
40006
-11190
40278
47960
72282
89516
19723
44370
58189
-59592
-84581
17451
-52230
-3086
-90299
90207
70607
-11944
-6778
78377
-16500
41546
-18330
17385
15648
14684
-27553
71711
12990
-48661
87079
-52368
-35495
37414
55740
19268
-4867
-77541
438
-74614
-88589
73554
-54656
8008
50758
13759
79743
85433
-80971
-96598
12797
96928
30949
-73164
-33564
6899
-44629
35219
-33050
65648
-16166
69935
-36047
64612
12479
-51498
-32674
-77057
-7021
-92162
93204
64788
44249
-14474
47039
73766
-24155
-95599
-46520
-38889
88003
-8736
-19053
78142
-82583
-66155
-70680
-55451
-39065
80361
-42978
83376
79898
49775
-60950
64448
35798
29178
-99110
-539
11256
-57211
97166
-40768
-51051
47329
84500
-28679
91085
-16316
75467
78192
54480
28450
-7182
32899
-5820
-44765
51808
-67441
1911
54542
22232
9563
21414
57351
1210
3904
-16011
9133
67215
-86056
21813
77492
50826
-92675
69846
37001
-89226
-95787
-71185
-27432
18275
-5227
99260
3315
7756
-7323
-94649
30916
34288
-56546
-18651
-55035
10868
-92029
97294
-1233
-64539
-97584
59329
51564
-4463
83985
-21796
-92557
93146
16415
54630
-40121
50921
37547
-72375
-11755
-51191
99304
81212
95834
26941
42084
-26306
10585
-7657
43477
14284
36366
-88484
-95514
9902
-1604
-75045
-48001
-1822
-98486
-10000
-54614
-38063
-72581
49552
30729
-64836
65615
-95867
-37501
-79173
92107
-53447
32239
-5538
3848
98991
88196
-59761
-85124
68927
60368
-87582
-22448
81737
-91567
-95916
-38914
-17653
79811
-56420
-56460
-80922
77605
43927
89774
-53853
-20345
92276
74779
32943
11820
13956
-80653
8162
77458
-1705
9577
-16537
-25764
-46685
11279
-67530
-3020
-76292
-62580
-51656
-32128
42394
-5789
5388
-31256
-28768
-37423
42271
80736
-84046
-80398
16427
-44352
-46448
-82358
-1765
-5797
51476
98354
-29308
39070
-13292
-26185
-62823
85802
98439
-74973
-41232
-1979
9228
-89808
-14786
-65613
26645
-47232
-26092
33929
40477
-44672
96824
74263
-42099
-23206
17046
-39256
24909
-34464
72727
79152
17396
-5396
19997
49512
-33195
1578
-17701
-26851
60223
-16364
31159
36615
68867
69189
-76429
-83432
-94388
-71348
-50213
-67545
49945
74213
-28509
-98325
84233
87803
83506
-19931
-55116
-67491
29738
-71573
78966
8312
-70305
41382
80571
59942
57065
-36726
-5553
57484
-52328
41212
-19294
-6898
-46031
-53778
16992
89463
15264
-58926
86080
-65376
-57757
-33055
-40246
14701
-794
98335
-38217
-84899
-93359
26398
8759
-70517
84694
-3529
-41276
35914
87882
-10449
78346
-51304
20098
9600
85311
-19008
18455
91568
-31307
-5093
31368
-7328
89716
45537
33792
23378
57020
17084
55657
-71702
66212
17679
-69481
44628
-51886
36984
65067
-15923
-65899
-37196
-57246
97922
-72393
30629
-54302
74647
-3398
-76800
-38368
2466
-96470
99555
-69917
12862
-24703
-29129
12461
8584
-29738
55582
74548
-89254
29829
-56536
38145
10097
-7602
74051
-25820
12999
-41981
63060
-74138
81240
-22153
-691
26771
13785
-34933
13367
80096
91973
56856
-58871
-35892
-29313
-52517
-50262
-40213
40696
-73335
-5379
-89959
64170
3088
60304
71714
-31526
57062
-25890
-55165
10194
-74862
1748
-68094
79606
-1044
-25360
-20424
-56141
-75803
15633
-48519
-91676
86874
59552
4794
-62740
-53119
-48956
67779
-16234
75282
56281
87461
23697
79818
-4909
-60661
27597
-22656
99503
-73332
27247
61120
91506
-20577
87826
-81516
-29284
-45487
-7313
-25521
52331
77707
-65807
-12912
82811
-12808
-18959
28043
-58266
70224
-58490
3696
51448
5904
97582
-63242
-22018
56150
-85203
61484
1078
40714
40146
41406
58627
50258
43062
-3584
32992
4881
70476
-14588
98184
9939
-2818
-27033
1749
-84315
-66209
52847
79106
59013
-64998
66336
81145
-89070
-64041
-14468
-44201
-26578
7979
-76102
24821
51795
12080
-79110
76394
4838
-86254
94692
-82390
46583
24098
28777
-73747
47891
-38809
30550
54739
71733
74152
58337
-40997
-18138
-85292
-48512
79246
84882
50372
-35321
25128
-55851
-19403
80861
67376
-98021
75025
-45534
93397
16500
-16612
-29447
-97658
-77573
-7601
59070
-46074
94481
-95184
-44993
78281
33119
97100
80313
-94367
-24842
20803
-97503
67085
87824
18977
-44144
-64082
-12741
-7758
-41507
72253
66160
-73150
35649
-1431
-85411
18875
79010
78854
72410
91034
16195
5967
-37892
48501
-38347
-31218
-38448
-89946
-26829
73598
-62001
57465
49078
4503
-39107
-95911
59235
-59977
63872
-92762
-40310
-7733
-82441
-32148
-3490
-48070
831
-92928
52049
-76828
61638
21024
-93085
71107
63802
-52832
64544
-61151
14378
73443
68248
-14610
95925
-40509
-63133
89046
-10049
-6428
-97152
19867
-31629
12830
-52585
-58055
-58404
98049
88264
-68607
-69064
76428
-12292
-54481
73006
63508
-2049
-76290
42017
-26769
-85180
57436
-72569
87695
-77325
-73476
18622
69487
34463
29004
81029
55781
46005
6634
-80698
-25533
-17055
91054
-58415
83895
16648
-52638
6341
-60790
-78401
-39696
85817
-63734
-88319
-83326
49822
-70201
70567
83028
54680
-18169
-91737
-9373
-55099
95569
-59505
-78027
75489
45651
90599
8274
-46890
-59998
-17472
-47782
26238
-59483
56101
18947
-46684
55019
99149
-44749
-56278
-61132
29334
-85238
97228
85031
77245
81921
77132
-72466
33946
6658
-41371
84505
57057
58918
-66982
39892
39427
70976
-23039
-69916
-3096
90872
85359
56076
-63757
57300
-92910
-27423
53658
9111
96014
91510
-66386
-23422
-93222
-10578
-34217
17337
17440
-61051
93003
92480
43652
8803
-6386
65124
19007
-94752
-69659
13093
44515
93320
-41929
-97754
-38498
23863
-68186
35385
-70211
44697
78430
6687
86475
54826
-1055
-23875
14809
-1881
69173
-33206
-88128
26372
32720
71250
-22622
34740
6142
-55307
57790
97957
-44256
-34143
-6310
60334
-47282
48223
92202
-62365
20308
-24573
-78906
1462
86017
19079
92141
78616
32346
-3798
-3029
-19384
70197
15986
14493
93359
-57467
-59338
-30190
19515
32785
-97045
15495
-79085
-42527
-24875
-14581
-41546
95236
91238
93664
-97854
-90168
8409
78644
3827
-43648
-805
48569
-27674
-42505
25799
54345
32118
-14827
-263
-69982
76518
-66988
93442
-6596
1309
32355
-10723
-81916
-50153
831
76579
56432
-82447
33653
34600
47925
75938
-4675
-67584
28966
86401
-94211
29729
-32100
7800
-92186
59081
81178
98488
-34818
-32130
-11457
18032
-64611
-85487
-5291
-18570
21073
-9514
-10436
54318
-3802
22642
-93791
85320
-85773
94785
-89214
21126
-78159
1106
-63820
-27651
-73793
-79944
-67535
25362
-29114
17017
-20832
-66238
-20927
-38319
-59157
39341
-13421
-6172
-17841
16582
-36753
-19746
16014
67839
-17856
-8462
84106
-92712
48121
-78810
3644
-81874
-57293
-5103
88185
75222
2842
-88739
44142
-42057
-91686
63178
43504
3772
49198
-10535
-76280
-59589
68079
93680
62096
-17336
-90204
23250
-50705
1703
12440
-59939
7168
54269
-538
25085
80662
-99444
-76988
94041
-63423
36304
27338
-95637
-65292
57340
-81554
1882
-67155
61280
-6790
-76591
24806
15210
-203
-75430
-69893
88995
36185
95813
62203
-21808
-25569
-52994
-73003
23386
-27878
91436
-77328
15880
-42311
-48932
-39716
25974
41893
-94264
-68317
63091
-16147
37828
-48382
-73651
-62098
22224
61331
92124
11942
4992
-84307
-85705
-84823
57507
-46126
37086
24316
-49899
67766
-73559
28951
-61621
15024
-65039
49417
-51109
-66141
-24985
-97934
65102
85226
3068
-48812
3053
49970
-32681
-79284
-81862
6728
-47751
-21829
71278
-63060
-65687
-65014
40084
-14824
-71138
58416
-43182
-58844
-51947
75522
34657
9462
-48487
19710
36927
-23716
-13931
-774
28759
-42793
-40346
66037
54452
4037
57881
89854
40340
93859
32028
6340
-3093
32737
5310
32241
-29228
55548
91784
98443
81775
-19115
-77396
-11354
-41434
39310
88267
28283
-13698
-51192
87141
76121
86264
81041
95656
-19268
73608
-8986
51351
55062
62022
-29385
-44301
38089
31718
-94821
83395
-44826
-29745
-53527
40501
-36930
-23673
55033
-37507
93115
57452
-15583
29831
-55069
-56277
-95898
-74010
69737
40732
80808
-59868
2715
-46801
-31164
-60874
-17323
-38124
-10563
-81899
-20042
-84197
-87643
-76778
35309
-26219
26614
-65406
18562
-6072
-53361
67698
4611
-98184
19411
44897
-41435
31481
90419
-74110
45298
-60663
11898
28258
11599
45296
-11453
-60453
-56791
-89614
-62438
-43758
74070
54454
43097
34652
-88067
-29367
19918
77481
-48725
7925
-33846
86753
35163
96660
92015
-31665
71380
-28097
-58864
-41576
-15002
-82013
23434
-1805
-24711
33454
-85651
-51505
89089
-43961
90438
-35761
-24976
-73476
-86861
22659
89198
20528
-14586
33736
-78740
76015
-26198
17574
50968
18989
23843
64486
-42158
65771
-39373
74225
-57897
81266
-8637
-16296
-21408
51603
71746
-39296
2971
-92062
-95784
-51202
1281
61665
60070
9205
75265
-55113
-85717
68575
7541
-71317
-49020
21183
-19423
-76704
-98181
55844
60270
-65056
7681
18753
52538
-46669
-33208
-56060
-96847
26850
7870
22290
-13466
-96469
-79973
-64620
68438
66323
-8120
20883
-38041
-13660
-92958
19603
23526
-78690
59125
55527
-3167
28336
-50179
-88848
-37744
55113
38882
-91135
-73168
28694
-20228
42217
53612
56146
-74031
25883
-28217
35055
37858
83191
47641
24668
23706
35232
15409
-79688
-24961
19818
96119
38001
67390
5367
-33288
-78470
-67603
89285
85493
21531
14675
-19711
-34438
98921
-60984
22846
57658
-81212
64317
69286
17026
48405
94168
-28249
-7572
-93725
-48803
84643
70270
-8151
-31845
-57239
69692
63030
86618
90772
-97660
3575
40086
-27468
29533
-20753
-2097
31183
-69017
-33261
-38407
89792
41619
86190
47877
96038
94059
47585
52123
-60876
92870
-65232
-46964
-82568
-2248
-65142
-48012
90664
-39512
-54323
-54236
91315
59566
85225
-9657
-81530
88623
48707
85446
52337
-79720
92193
22546
-73947
91293
-88432
77083
-72306
96929
-24093
80713
81480
-86375
94124
-1292
-76227
36334
40450
-38676
-57751
-1304
59466
39158
37881
-22727
80504
-57672
58090
48996
50001
-73943
5712
16321
-3199
93800
17483
36658
-27087
73905
51809
-43077
-29938
-74612
-93917
-96779
28977
95390
-34879
-90673
28227
16451
34042
-79540
95640
-18080
75878
37019
-18394
-13537
-58853
3219
51962
19960
-53814
589
45619
-30571
31108
14461
-23115
93734
9236
-58349
-92570
-85943
16650
31534
81189
82822
-85448
77094
12223
-7896
-54796
-328
-8689
-35729
-43251
47958
14548
29289
45899
-6075
75184
66238
-97952
-99447
70550
81055
38744
37941
-12040
90886
37358
87225
-285
-13571
9670
98958
31724
49384
-16593
83429
-96642
29146
-10675
-64475
-87871
75664
-10474
-13119
42080
92024
74378
-47425
46910
4856
-9236
91250
-22470
94116
-13612
24324
-50654
-90942
2430
-11206
-47359
92396
-45942
-7787
-48650
17440
72871
4401
-86450
99025
19022
66931
3469
-38118
-87033
93471
55231
-96486
5901
-48814
80264
80355
-80633
98357
-42886
80887
-83591
-78374
2285
-39965
86709
33219
39481
54142
31816
-78082
97092
-31904
79659
48896
25172
33567
-22844
17040
-18819
-12970
-21066
60069
-94959
-12992
-78900
-25940
-98276
14326
242
-5483
27234
88702
25173
2093
54464
61445
-45038
-20991
2741
-27986
72775
-54494
-21725
40788
-1511
15884
-80591
-54681
-73718
81140
82562
23783
-20226
-8894
-75628
15805
-71970
28234
48658
-58341
-92826
68511
-54700
54702
22272
74946
-39817
32255
-904
54282
52047
53031
42967
-53572
30224
13546
-55192
-89362
59967
80237
82548
12235
55694
87980
59536
-89754
2029
98533
-13933
-30154
-98892
-62078
62882
45390
34557
-7642
-81091
-10239
-29092
1513
58197
32488
-71382
-25303
23693
16601
-30096
-43617
31580
-38224
-33463
95806
24930
41316
99098
-64741
58434
-35381
-48408
-23676
-54548
38598
30469
-98257
44809
-94308
-57637
34069
-68990
-1256
-1870
29576
-7647
-89562
-70771
43979
-54659
-10788
28307
-38300
-76395
82999
-66868
9729
-41192
-40165
75742
62016
-73092
-76484
-17044
-13750
-78871
9804
89487
-8931
45428
-77471
-90718
85945
-38401
-62626
1729
71377
-1185
1168
13211
-86870
-85910
-3016
24457
23057
-22614
-87688
60904
46834
-77762
-59324
27872
42638
86525
26545
65301
-65075
20714
-2099
19981
92292
-47914
67544
-88532
-3445
-60235
30083
-90075
-70420
-28125
96720
-89054
57841
-47365
66776
-66114
34704
-7803
47911
-38011
37501
-42072
9397
-37066
-48751
-41688
-70807
79854
-16202
-79259
97040
37623
64426
-45774
-98794
-72311
-20676
-74285
-52188
92347
43647
-35075
30790
14198
39652
30553
-78016
-879
46947
-78497
59781
61070
44079
-91195
97817
99472
-69499
47647
36754
34828
-89330
-39300
26870
-32790
-49571
-87536
-92715
-97388
64299
-13372
-15888
-65717
-4247
50205
29971
13293
-60882
61467
-1519
82446
27577
10534
13177
-51748
12943
-56851
-93706
69525
95737
72116
80868
30505
11017
-16028
-27801
-11151
83790
-86572
99847
-98964
17541
60219
22857
-20712
-84146
79518
62512
-69140
-18968
40608
93653
81214
10460
652
-31016
64750
-43100
56046
21880
81451
-28232
83199
-38718
-65730
-57998
-24326
87436
32751
79519
-62092
-30396
61704
-94061
17329
-31678
-80474
29336
-86174
-72812
63899
-9853
-19321
-15277
-81857
-50839
-42450
-96700
67841
-59073
17870
43379
-75189
-85745
4915
-33716
18707
3814
55750
-92294
-55047
42325
-70924
16039
8159
66472
76091
85028
49628
55378
5671
-15457
-98621
-28813
-35391
-23289
-61477
-38785
-33401
18183
7840
5358
-20679
-76890
76135
18960
73463
18091
10971
-85481
-88832
8445
10968
35441
-30277
-16317
95504
-49197
82769
51043
63850
57062
5755
-29392
81388
38810
-72744
-16217
-14383
-76521
-75962
-54667
-69628
-18127
67052
57079
-87717
-64521
-29071
-58953
71096
-22605
88450
-66278
-84875
-89027
98496
-94619
29417
31284
-67792
-37015
32136
-95433
-7184
50740
7831
62611
96512
2454
-21719
-4984
-39743
-19950
-84152
56477
83938
80407
77278
-46861
80659
-81807
84421
41339
69634
-30085
16679
-69660
57421
27449
-71967
-50049
46634
-32780
27020
27325
-75708
61236
22605
-24772
18458
60981
-38647
-62025
22044
-96757
-92335
-78358
88367
-37226
-78943
30036
18500
79958
42684
-47263
-21154
57999
-19573
-79616
26776
-65065
76997
-56342
27581
-34830
49647
93972
8771
-15342
-30158
13919
19178
53761
-83225
32490
31294
51222
-71818
-1725
25747
51821
-38641
56249
63389
-79319
-42179
-15198
-9287
-84491
21387
-10381
26313
83758
84393
-47212
-81080
-75524
-26140
28535
29092
-88697
77965
88201
55759
29023
-49605
-274
83010
-16064
-88423
43780
59629
56544
37354
48888
-10745
-1606
98814
-40289
-64521
-34243
92346
-62503
28251
54175
-17319
69274
63427
-76736
86171
49419
91869
-67346
-88499
33874
5848
56309
20938
-88206
45536
-3789
-94662
-23605
61668
-77546
91782
86174
11709
13700
31411
39598
-81497
-75701
80159
93565
85783
63994
72051
-62458
-15310
-48212
43053
-79949
84949
7091
16570
-84545
24409
-98671
63169
52757
61113
20812
-13436
83443
-55495
-46181
-32562
41867
-67235
59502
38847
-11691
-78034
-60358
32813
55403
35393
-72791
-19199
-69698
-90752
48432
42004
-83859
-371
-32150
48700
48741
-77508
-7204
90613
-795
-20910
67970
21152
-3114
11002
-72876
-30628
1372
-35954
39203
-88671
85452
-41456
57607
30367
46582
-19395
30892
1193
12894
-19287
-50967
-44664
72278
-39359
58678
4516
84225
77006
41315
-87332
62077
50342
-82052
1177
68217
95519
-6318
99568
48987
-64302
-32395
39364
25980
-57211
16628
36234
-72293
6790
48114
18467
35927
91634
-7833
-9197
-30973
-93769
-31826
91266
50794
-72495
-32624
-65994
-37551
50579
-39897
-19956
-15499
-1890
62675
-153
-21601
28758
90906
67786
-46309
1270
11064
-60808
-33520
-18119
90788
-73847
6433
-25094
95183
37144
-38633
-53451
-66418
88164
-50703
50135
-72481
-60940
-43889
1014
-22844
-3486
-20304
-4191
7886
4492
16705
34366
62959
44795
39482
98497
-41599
41249
-60723
-63133
-39071
-33133
-46385
9656
-36466
-66026
59440
15641
-8051
40317
-28790
66455
67140
55008
-94861
243
84451
-4173
-30262
69144
97841
95410
-97605
-24224
64443
90095
-93953
-73410
-68350
-40504
-31371
59249
-45801
-3618
-90929
51195
34115
88860
49895
94747
34845
-54641
-1198
-65694
-40524
91089
-51302
-58936
34567
-42267
2154
-58401
42801
85971
-59822
17302
-81109
-38961
-15940
-47100
-74617
-3682
-11771
-88937
-48645
13735
3953
-61284
-58568
-90209
29159
-13968
-62437
-77287
57055
72873
93376
68154
39311
15272
94099
-59958
84931
70961
53269
-4658
-26957
-14827
-69135
69396
60837
-57576
-61605
26523
75206
-17488
50393
-19518
-69368
93366
-3222
83345
30670
-33535
-29852
86301
-28997
39570
-65364
-44107
-91175
-47794
-87810
-88324
-78894
-78967
-28807
96059
-21768
-34506
77972
86803
18925
48375
3967
-79259
-87012
-11722
63512
-58250
45588
-59506
8998
-20639
-89372
-62411
-40172
60926
-75245
24834
97719
43366
-95964
50326
58281
16151
-39241
-9105
-21320
26383
-97681
80965
-95800
61352
53516
-85866
51892
11072
-32490
57522
87954
-87021
9028
-23928
-14308
24895
-77059
-66216
-45927
-53904
-38719
-5693
-76640
82734
-45634
-61630
22412
15056
-67226
34477
70468
27001
83054
-98299
41549
-40507
6241
9573
62608
55235
69886
99224
91049
-55874
51219
-36682
-73286
-48337
-75169
92957
-37731
-37406
79627
-9980
-75891
66210
32522
24581
52918
-27703
91797
82161
-44480
-31124
20939
-45429
88584
-56581
18744
75945
56105
28493
-93509
71277
-48174
78942
28005
-83218
47415
19627
40822
96484
57293
40055
-40653
-57152
-65385
97721
82675
32236
23773
50862
40963
28981
-62194
-46327
-59711
-50796
20251
-29814
-19349
-64751
93972
2374
34993
-66464
-92782
-12738
-40775
-2852
-82390
80978
97541
-14913
-37678
-54142
-43674
-67160
-5658
-5454
7511
-44950
-63388
-70236
88901
51348
21515
18050
49257
-50059
25215
63595
37831
34410
-43332
-37252
-11603
-55963
-35122
83141
-49454
-98837
-52359
-18194
57349
33862
-41468
36642
-62983
30679
-50674
-78138
12571
72551
896
56127
-4620
14318
-98927
77317
97808
-43419
6069
60746
3682
-725
-4089
98254
39509
-57071
-83763
60455
-3616
-5001
-22367
31310
70124
-34216
-78611
3506
61835
16822
54567
3544
16135
-55121
-74767
-90034
50233
41696
15417
91134
-89253
-64521
96903
75281
-64805
-40286
-79771
42810
99094
-12345
506
80659
88163
11646
14371
77072
-99353
88919
-51987
33318
-16145
-25812
-15353
-2730
-89338
-83169
-86658
-71842
-56249
25703
-71953
-74345
69061
51828
-49098
97623
-40864
89544
42987
-42780
27715
-42791
-62647
67964
-60415
12932
-41791
35497
75715
89932
15158
17526
-12299
1788
-85179
-18545
57316
45412
51179
-15953
-34713
-82836
8066
-45952
397
19044
-94926
13526
35335
89057
42701
-74876
98322
31042
-41487
-65176
99329
7518
23010
79871
72524
-58399
64571
46460
83999
-10873
92179
58286
-72512
93584
50691
-66676
-38750
-37911
-97060
-68678
-51801
57452
-38625
-65320
16123
-57469
48798
7459
-10915
87578
-48763
-5017
67352
-71870
-63439
52635
55145
-91300
16046
89634
10161
15275
44075
53955
56945
-25839
-68544
-88555
43347
-71742
2719
14281
-59043
85383
12787
-54266
98658
-27250
-33780
-96503
73733
-65646
-75830
-59245
90087
69646
-16574
-29449
34703
-98982
-28282
-30922
1203
-58999
-66363
-58622
18631
68844
17066
-56259
-89813
-63894
-8784
-41875
-15281
-81238
-89719
-32359
-25115
39383
-20336
76651
-71026
-92255
-66723
-26599
-53229
80650
-44
-91948
58416
-28733
35440
95564
-27337
32048
54005
18226
30945
51868
77600
-70847
20431
-40864
-79609
-58324
-1651
-55780
-13040
-91727
84230
-12495
-56296
47580
-36153
68533
-60047
83885
-86786
-48406
74681
25370
-97818
-74287
-38145
92242
54268
95940
-56732
10510
78402
59994
-67076
-30066
-65060
91203
62522
-11492
29926
404
-63855
16634
34839
-31384
-49008
-93122
65308
-7968
-45579
-48466
83222
50740
-45564
-91843
-64358
-77932
32639
19091
37272
-7907
-67323
65524
-43792
-84722
66738
95727
88575
-35634
23547
31791
-62533
69102
66718
60185
-19799
8018
-1663
-70915
41516
-53259
99240
-29102
67230
-24453
95862
-93208
98068
-11726
-54522
23560
71460
29679
-12410
-63414
-95997
-85294
14798
7105
7468
48934
42416
-63612
17317
-64109
-56979
41713
83526
-13842
-21561
18290
51821
-35561
73811
98984
74112
98859
-4713
39641
50586
-91845
18578
48054
83453
-9808
-83893
-94274
-17896
-88560
-59926
5002
-36665
-29041
14969
-65482
-47863
-37671
-29238
-56928
-56765
-92649
-53762
-95395
98818
84143
98087
11966
11078
-15228
-32024
57921
-11313
-76722
-53121
57465
-97250
-38766
36564
57708
-98893
35811
-2679
-11422
-65852
17023
36200
83170
-50213
38151
80498
-21398
-41276
-35579
-45315
-80337
6098
-69270
-24073
-73600
13532
13139
-81947
-64483
95639
-17181
-5365
93546
38527
-25935
33770
27039
46914
84636
-91457
-19158
-570
81547
-49009
84131
-50547
-22065
40026
58188
-71948
15310
38404
-23450
67172
64616
-67270
-7605
18755
-60045
37075
-5929
16529
58748
-85190
-75558
-32561
46783
-35010
-48548
44195
-43645
-41241
40696
57714
48315
63887
-28676
29321
92396
5157
3122
-51860
54142
-34854
-16704
87664
-43958
86686
-83422
-20582
66863
76766
7673
-96597
-75127
-44032
38668
73389
79759
41519
-4015
99705
-22130
57433
-59779
-72462
92772
18171
-65194
-89911
37001
70852
57632
-75119
69464
57888
5761
77814
-22453
-8928
56345
16511
56412
-2324
39427
-67742
62009
-61991
-41057
14273
53240
36783
22791
41407
-35527
-91585
-66097
13252
-52070
88950
-2209
90768
-46535
-91099
31414
78692
-70536
-65911
50372
17412
22295
-76628
-30180
-38240
51036
61974
-28458
44831
41204
-53958
-90011
16162
2404
-5973
44762
35084
-59974
-14376
-41828
99283
-67383
-53309
-47843
-81988
-64514
-19465
99371
52395
84731
18384
-17126
96699
33966
-88502
43673
31922
45940
-92080
43058
-12084
-93500
-50292
-98739
-37992
-44865
-59033
26637
48740
18803
-24481
18254
45829
34693
20604
-46014
-79409
-9411
53068
11588
-48661
21464
-60314
25025
72247
71107
-8322
-46799
-26522
51189
-19006
-45053
30406
-16538
23
9601
93560
50938
89698
-28950
-29238
10332
99646
-1127
10103
-88467
-59899
67342
24120
82588
62347
95196
-87782
-37211
98464
-98053
-28520
-59510
-48855
-74190
23934
-85608
41299
-38449
74809
30847
93303
-60881
-40334
-78029
-2753
70911
-88889
-89034
-34500
-22920
-66053
-70783
-13603
28400
66874
-86098
-54214
-34678
-5460
-74009
61920
-21240
-94675
6757
-8722
-51795
-43140
59165
-27621
37233
13768
79143
-30637
57931
10270
-16506
-49006
-56441
51478
53767
-46400
70905
86185
-2010
73288
57071
-70203
-11587
-92498
-15504
-96927
40644
13423
-85411
-34216
21299
-70975
89301
-19387
-67137
98773
16713
-88266
-98355
19005
60229
-27059
-81432
-62779
25587
94261
42117
37733
33324
-53045
97200
85761
-9863
-97590
81879
-56996
6092
17421
-6943
66279
-48427
70901
22635
43679
39122
-23938
-72864
27284
45675
-32088
-72304
73488
93314
32011
-507
-74881
66734
31784
3525
-69909
-63556
-40875
62932
-82813
79065
93239
-60153
-64710
-47114
-82390
-48999
8814
-5778
89687
90291
-40403
94722
25347
74629
71702
-83747
-94359
-44062
-12978
-8463
-52085
-56015
-18015
30418
-87605
82452
-62137
-28954
-12157
86320
-79899
-66881
-25209
33820
-97620
30562
79036
23999
-87792
-30398
59726
89031
-70622
-63383
54293
-29159
-20923
-91068
65384
54761
-3298
-54074
-45485
-81400
82216
68804
-20622
27660
78946
-17531
27841
-52003
-36778
-69414
28025
41963
-5716
503
-17552
-88582
-70074
-64779
61132
17995
-44730
-62992
-23386
-23721
-67051
-31593
82393
53201
69794
66986
97083
-90698
-16996
-49565
-17297
80075
-48142
25795
88127
-30488
96052
-5035
-70197
-16048
-40393
-62560
48009
91794
38227
83039
-27311
34923
36910
-65528
38348
-33851
49950
-77801
14954
1567
-7367
-51925
-2109
-10049
-25339
68614
59112
15536
44771
-80468
29393
-91368
74130
-26595
72274
1765
18310
-1649
64624
68169
-24399
-69487
75279
-21566
-75436
-9613
63078
-30977
-69455
-25997
-82724
-62763
-50331
41540
79387
53795
80914
51232
-84474
91892
-84982
98080
11977
59129
-64670
-89388
43616
-38818
-49170
-25575
4182
56166
-54119
78771
-21930
11240
96717
-6209
-32619
75296
32689
34854
75496
-13260
-25625
-59493
76125
99680
-444
-69536
4729
-11802
-6044
44438
-31784
81053
63808
93628
-76572
-10397
-34232
-66132
-94383
-51395
-48787
-88004
-15000
53506
68563
-13523
-79197
67202
-76128
-42659
-19726
-95220
-26339
-18599
-21458
92031
-74471
39289
-33598
76666
44425
-44788
-40165
97992
-87967
-77808
-95826
-71427
1617
-88218
-41654
66189
92604
29439
50777
-80784
-13457
58376
-26123
-50652
-67564
57575
13675
-1341
40237
-56893
-92154
-21189
-59969
-57449
16259
-3282
11040
12514
-97824
21634
55063
77753
-63744
26818
36297
14883
-81369
65881
53420
45162
-5690
-48915
-28166
-352
-9471
27609
-32226
42441
45400
-34410
22610
-9627
20577
-13719
38304
-95526
-93898
93411
837
-94138
79937
21390
92972
70345
-2167
87844
21375
89662
78304
84551
1445
-79031
-54389
-70716
63573
-45315
99729
39225
89034
-37311
-99185
-63779
34099
30939
-9900
-66639
-83516
-57809
-63400
-40455
-97312
-50998
-72642
-83793
-60610
80706
-69879
-60906
-80790
95890
-33375
38246
1791
81508
30864
62469
53744
-86732
10969
69529
-39705
-30298
-49397
-77958
-87008
17500
74104
-5486
10155
57252
-15912
-88579
69495
28680
83453
-36565
77915
81747
-65680
24885
-41569
-75171
57294
-81406
52153
-20026
-5706
67708
86052
11155
-28532
26535
86594
88344
-55077
-8836
-72280
-99892
-45847
25515
-29830
54443
79828
26286
-63005
77904
-56217
50737
3416
-50260
99724
-25945
92984
94687
-78581
-14062
6555
9996
-36328
1321
-89263
93636
-9289
-50222
12813
-78214
-29950
88075
52496
-89784
23007
-92860
-26353
8410
2291
36964
90447
-66463
-19954
-35608
64810
1700
82812
83588
-44258
-15048
94206
-78460
-22071
-72115
-98388
72254
4206
-35783
-14681
-23096
5760
93510
89508
-58447
48430
-91067
-36843
-45155
63433
-15022
-29827
59465
42394
-38558
34933
-40506
8224
17967
-35562
41525
17905
6240
21660
4029
-547
-70755
-47016
27629
-18138
6819
-8716
65951
93057
65158
49579
-84118
46405
-36784
-71
-15961
78569
-39907
-74412
57044
-63177
-35288
-5483
30917
61889
81581
48499
56598
45166
-29588
-20999
-61313
-3648
-12517
68755
2422
-2120
67431
-48190
-13466
85690
23132
92419
-57745
78324
1859
31889
-27437
4468
12781
-27908
18072
-83656
-82228
43068
2953
92781
73186
-12542
26359
61576
21839
24607
-68782
14823
-72812
58511
-5293
-66747
-4149
-97000
-32243
-3390
-14737
-41477
-76398
-16731
49921
40886
67825
26174
47303
-28680
50860
66
40047
-85374
-47210
37582
70894
32588
89942
23143
55319
25157
40677
-69569
62188
43755
-55885
-35434
34653
60540
-99700
-39972
66222
77707
-45458
-94976
45583
42142
-79460
-77169
65
-67448
-12006
7507
92697
14836
75931
4378
8739
-15345
-47036
-84652
-25648
64355
-59835
58864
67768
-6538
-17809
-14406
69550
-30223
-71125
21746
24704
-99693
10047
-35631
74501
14148
-62526
-67625
-1999
47687
11985
-51017
59733
53732
-48426
-81203
-96310
-27719
-55188
-27881
-86633
-79178
66843
40835
-69454
71133
31657
72406
-66545
59782
12463
47293
40322
76704
34731
59537
-33131
59222
42056
-28261
-48741
-64175
-49562
9147
-95871
65739
-28252
6984
10108
86898
-39702
-94462
83065
-64672
-60969
53865
-87049
-6070
-19593
70079
95539
85692
44387
49180
-97514
60192
-83980
40699
43641
-1516
-94412
20327
33437
86731
-14508
-95873
-10716
29617
-94920
17891
93710
3353
-76816
-75160
-15773
-61092
71611
96768
-15547
-99487
-17601
82153
-33223
-86254
-76932
-12573
-15101
13307
-17587
-18209
-25892
71251
39462
54783
13003
-39378
-385
-78451
93385
98017
10905
92833
89936
-5709
87641
-3927
70123
31061
53998
-3458
74113
45961
-56228
34356
72585
52966
-99542
74407
91512
-81296
-57473
94242
-20417
-23830
40577
-65592
-72181
8644
12014
-33670
-84286
15353
-89123
-41440
-79568
56842
32483
74363
32451
-24190
-90791
-13342
-78140
85097
-34034
81979
1432
80557
-83995
25565
7679
-27762
-94663
-14644
-45338
-29634
69906
75341
-93232
33898
-55465
61856
-69656
-13225
-90353
16657
19272
46207
-3050
92516
24657
-49902
-79268
-80498
66327
-77081
75606
35724
97290
33727
-98762
30445
-36721
74026
33842
-19039
-70903
-48908
22079
9450
43142
-25145
36218
5420
55507
-70217
-5228
97392
-2420
59852
93303
-57145
41379
-66485
-90555
82316
85043
99941
-5441
-24402
52400
-87630
63848
-1315
-10589
88938
18736
61598
34253
66171
53564
49103
81571
-54681
-36622
44887
90946
-32070
-94476
-87791
87861
-27659
-68328
-79221
-66942
58188
26909
-34067
25270
-47281
52645
81913
79883
42020
-41493
-54812
-40602
-56646
15261
8392
-63723
23596
74900
-28113
76911
30778
-32425
55794
-62360
-66454
-18985
-93092
20673
74594
-30544
-30847
43405
-14071
37535
-28135
19256
87018
22544
14527
-12783
1387
16702
26726
-12815
25645
80554
-70160
-35851
-9062
-13416
-43128
-71417
-7585
-44547
79144
-37639
-83354
27304
8004
34573
8593
-52992
-20218
-15889
80541
-52973
-9219
-40969
-31641
57129
-41804
23857
-21240
-21781
71713
1346
45183
-55481
-38030
-22045
-96258
78260
-18323
13733
-5525
-85888
-79640
21724
-89824
-29865
-90881
70809
-95867
-65613
30710
-77640
-81667
-96411
3219
4748
33330
-58681
-33952
82328
15299
-23200
93442
-37666
-94020
82675
-37954
-57388
86489
39966
-70002
50220
30980
-42445
-94591
-63490
92382
-30011
-75760
35502
-72942
-50713
85602
70158
95660
95575
-6726
-24224
72310
86154
33823
-39106
-15412
45431
-99493
-62145
-34250
-18413
84630
-83193
68826
72627
42389
-52512
18170
-45390
-65653
-94111
79977
-74572
82949
-716
-27652
23065
-11597
66302
-1952
65677
-68161
33617
74032
-963
-20742
90998
32817
48042
-14978
86537
-59768
-7127
24576
-78840
17707
-95974
52703
-25328
-3926
10406
45140
732
67243
58006
6179
79772
-45508
-6830
47402
41243
-21033
-32228
1100
24060
-40489
-1161
87610
45013
-82064
-70653
55072
8578
-36202
-39364
-91965
97901
-69010
-97434
65334
52392
-22422
13435
-85990
-1080
96043
-16864
28660
76453
13228
2287
-48596
-89593
-76278
89056
44292
67483
3333
-64158
-94183
74154
-21250
-22773
-99896
95768
-69324
81702
96956
-16436
44590
-94711
49603
-18382
-3881
25498
-41836
-5927
-40258
-34954
-61558
633
40887
-53438
-26881
60176
-829
-12607
32613
31933
29742
-25139
82319
-92776
92208
32283
84818
91453
-6373
-75733
-54735
43282
98069
-23239
-91264
92546
-52065
98259
-47364
59098
96862
91009
-14379
-48915
4737
-12371
54312
-99421
-7688
91588
-30391
-40027
-74570
-60405
-58916
-33525
99438
85391
-40510
1411
-85009
67938
-12164
-15403
77847
19028
-94913
-17114
-66922
48516
-78408
-84001
121
2225
56269
98066
51739
-5976
43969
68740
-90545
-34222
-72914
89621
-94388
35198
-79047
-29877
-90880
-42361
1509
-81652
-53844
23653
17215
99382
98365
-33029
18518
27118
-29708
31962
-52501
-94323
10171
89823
-55944
65316
80101
299
-51704
-49197
45227
-83240
90243
34746
46220
3977
93652
-49526
-16332
-59398
38901
-86510
-53640
-54176
-34079
-60100
-2555
46529
-54213
59302
43019
-76678
-31803
-78044
7439
-21061
-94261
68230
-8621
-57305
-36661
10259
92271
-39460
64397
-4411
-10762
-21694
52089
-20713
-74754
43446
-8274
-14289
-6170
18345
-27157
-58192
20302
-50973
98854
46276
-40212
48910
-29221
37697
14539
-24934
77767
-12893
6307
-68766
16902
90548
-104
-62400
-8710
27577
25447
22073
-34749
-80
-40014
92807
64087
-45237
-57941
-59090
31051
-17022
-87933
-70932
-47655
-62922
12754
54499
-65041
-10667
-51891
18476
-65051
16464
-38821
78617
96039
-337
-55462
47794
94871
74812
77762
-49968
41287
-69647
95134
2597
37422
12774
99722
-95292
6758
-56796
-60374
-13134
-18507
-79283
15626
95358
48480
-54895
-65329
61683
32399
-83428
49056
62125
-12696
53466
-94120
-25689
-77318
34339
-4993
-77776
3980
29088
-48981
59700
-13674
-71911
20051
89854
82221
84532
-66452
15048
-78883
-28138
21420
-22994
9687
-82700
-19482
51365
-15499
84166
25885
85483
-6749
-74069
19666
11746
-83324
31721
-42276
-27956
82830
91661
176
25264
-64759
24479
868
-62951
-62313
-66915
25817
1736
-31501
-16686
-34379
44085
97152
-51972
-14938
-50545
-82864
-1600
-23610
-36412
-12223
-79452
-14335
-53655
-12154
78211
-86234
35217
2541
-19567
13758
-6529
-78096
50358
88696
46050
28033
-32043
-62733
-7511
-71087
-15824
-68986
-65599
74030
-86893
-16942
-13415
16055
-80936
24240
37672
-60444
-71725
2065
-17439
-79260
-96735
6541
84072
-69912
94811
-70598
-81031
-69932
-7650
-17329
98029
89964
-38953
-37989
-7711
21837
-89235
64583
-90519
84749
-14030
-10163
-77399
9984
-48325
56294
97279
-47373
26465
90066
-32713
-26191
-79607
-58459
-70694
79647
-23913
91943
-2833
-59202
-90879
-72257
42576
-85359
-12431
81492
-56103
-59726
47339
48677
-94667
44180
-90849
25269
-33340
27235
53841
-23719
12281
26600
-94952
92080
90621
-67101
13971
5957
87029
-15350
-35126
25127
-84568
97627
40389
87350
-78461
50805
-94181
88648
-26367
5801
-64210
-27842
22154
-68457
49351
-98618
-11257
43865
87092
-73321
-49029
73600
654
87756
-37994
25970
83718
-10091
8115
-29962
-8542
-8140
-27207
-63273
66602
16075
-42176
12644
-74660
-12559
-41176
15842
30354
4423
51972
-7289
-38509
-60702
12372
22591
55923
53856
9416
-21802
91167
-34808
37455
-17150
-63917
30504
-71815
52080
87842
-20189
93399
77677
-99936
-97230
-54653
7068
-31681
-80036
84937
-10969
-3474
-72270
-44641
5479
67209
91152
13041
-9939
-55209
38895
91518
-3194
57968
77698
-92543
-24148
89730
41438
56268
16073
-85377
-8391
-1558
-74088
-31528
54504
60414
-19976
-11030
33802
56360
47025
201
-7679
92870
-57170
28318
-36091
-25493
78437
-61074
-63139
18801
42074
48163
-9586
57417
86092
-47537
-55726
-27330
-31132
4426
-35767
22139
41394
-3159
63977
94226
-33682
41327
-35161
63937
44630
-95808
25191
-39349
54860
20135
21654
-34593
91587
-14940
-53823
89654
88035
-52760
-21447
-51324
-20508
-35611
43922
-10850
-15616
-12177
78893
27700
55006
12852
82020
-54079
-8138
-13416
-15313
-88419
88494
14405
41211
-75466
74335
84159
48543
16650
23484
3424
80241
-67391
46497
-42900
74528
85878
92115
35732
-74063
-91964
-81403
-28760
-90051
89353
14819
25780
16813
-68274
-38164
52283
-29022
-43738
-71656
-73103
81977
-79239
-7217
26896
-2018
74984
-96840
85110
-65835
-28715
-9484
63064
41824
10467
-7585
-25008
13351
75830
51217
-95059
72786
-12438
69439
40218
-36585
-61892
4301
1645
-45777
14843
-94224
-27684
17197
-4150
-91888
-54745
-15387
-47165
17035
-2635
-74537
-73508
6626
86056
90914
22599
11094
2637
83585
23707
71580
935
80895
-27146
96332
95420
90685
-44171
-19341
-39520
29709
-67051
-48242
-68861
64387
67489
-72293
32471
-22400
63785
-90145
-12842
17974
94308
94122
50780
-34268
67538
-32332
-2001
25926
93265
93294
25681
-99536
44442
16038
68043
-36579
-19499
-20760
44280
-57277
-74436
44657
65430
60890
-60381
-20357
-26521
98846
-20484
-73646
-69570
-48066
68124
9590
-83105
-62490
59579
27777
-88957
21348
-2266
-24713
30341
90458
55718
85057
-22358
73956
46903
-97660
-45094
73059
79292
-4031
64899
89819
-59095
-34049
9332
14662
-56914
65348
-50502
41142
-74743
-79233
28304
-65762
-71639
-61647
-19809
-90242
-10838
-5707
57938
-82475
-26782
39200
-9255
41894
-51610
-19734
-41585
-58228
-23189
-52460
43837
13620
42230
-22722
-70145
-93182
-51260
-83698
-82684
-71068
-38241
-52122
-21522
69769
-90771
-89280
58476
-70888
91356
-64950
-28937
66173
-43594
-57269
-54343
-91072
66372
71645
-85835
-88666
27252
20274
-19030
18634
-227
-26018
70518
92946
-28834
-52657
-95720
13406
-23428
82540
89772
88455
89704
-86792
-47316
-63970
36865
7388
17863
36149
-18896
53514
40336
-61443
-48506
65305
-89289
5311
-97613
80116
-30455
-18716
-91598
-76427
71390
-6062
51000
-75744
23870
-81729
72014
61373
-59325
-55639
14775
-55024
5365
58929
41285
48258
39327
44487
83284
-96055
72805
-14702
-89879
-26874
-8027
7596
83368
69666
-16633
-54100
56839
9981
-85986
55283
21376
39936
12264
-81058
12575
45753
75235
-35996
31849
8148
-65849
-21526
-29642
71049
37160
-39653
9608
-62254
-9680
97201
50514
3537
-13452
-69765
-82910
-93598
50007
-53676
-94322
-12434
-59574
68724
81961
91403
5881
37016
78220
-50735
-64598
-99022
71406
30637
-21324
38055
-10909
78369
-39353
5202
-83839
-9541
-92056
-72381
97960
-40630
61615
72191
-46798
70614
-40843
10252
1036
372
16418
-50279
17506
70173
-93324
-43831
57408
-84497
92064
23918
58860
32891
85498
-78590
-16894
-24426
80872
16171
-92516
-16989
-54420
84880
46666
-7806
-57837
-12916
-62549
10967
18921
83758
76526
-97158
74313
44711
21588
-61671
-83236
54801
-85290
38986
-90772
87113
-57188
57489
-54234
-80325
-98919
-15245
99424
91178
1033
81283
84909
-15558
19327
-46032
30499
57121
8267
-57302
-26463
-36622
73176
-43570
37946
-30955
37635
96982
-59564
83907
-33050
-50887
9748
-29525
-4021
52465
-13105
-61967
-51301
-8939
-58371
-78946
19722
-93440
13905
60040
-60503
-7213
50444
-58776
91775
88917
-22744
-35763
27272
-57456
-14360
-33888
16248
-22443
82958
2720
-59106
40770
50949
79293
76666
91975
-32806
91683
-11857
32026
69165
-65080
56788
32090
-75067
-35471
48061
-90952
60444
6909
45099
18305
4988
98552
-84217
-25092
-7888
66394
-30790
-39491
-30844
36067
30750
-61147
-29314
-69197
81491
-29560
14661
60431
49455
-79064
-6745
-80915
-89588
706
-88090
30202
-31166
-16269
84587
26424
-15146
40516
26901
-26907
-83126
-38269
76957
97892
-34934
-4367
-95460
-92698
-4515
92063
-29500
-28669
29630
44404
74956
11179
10341
-95942
-17742
-12249
-97473
75244
45930
-17499
61157
51114
75091
-47240
72022
-35949
-63424
-47502
-68682
-1428
-60894
84657
87220
67924
-2190
-74950
-59659
-83977
59888
82010
78340
-72421
38416
34101
-1239
1198
-62212
27795
-36161
707
-64873
49084
93502
33222
45754
-15548
-30979
-94355
-20866
-29554
40136
-30124
26104
-1517
12724
-3489
-54437
-91737
-79683
20880
-53020
50986
40213
87284
14965
54892
97780
41266
-95196
40755
-86886
-63067
26411
4314
89408
-82014
-60441
-52839
-76997
-52433
44823
-61219
59432
-7049
-71322
80618
21532
33992
92532
145
-41903
-27498
36661
18580
-72484
-16894
-72016
98987
-43231
-72382
50656
-96367
69845
36942
69382
-92550
-45443
-84512
8411
-48038
37431
-68146
20762
37343
-70
57941
-30650
-86330
-28266
-53808
-36493
58574
86112
-4022
-93827
71104
16866
65900
-36269
-9344
-72307
57665
69127
17631
-39363
-33493
5665
13541
40326
-86958
-54540
88118
88697
91864
60976
-38617
-69173
-11238
-24607
-96041
84357
-65764
41498
83677
31204
-23585
72795
15560
-10008
-15960
-64100
64106
86823
-55134
25598
-65099
-50546
14499
-75645
-60771
-97276
76211
-68399
-19064
-86752
-6169
-23577
-40182
53657
87488
-67426
-90916
88905
-454
-84190
16677
-32042
18471
-75027
-57070
-92753
-87166
-46430
38903
80207
-81506
-90418
14965
62701
-55813
-93411
48873
-29730
-46656
98954
-10951
-1493
-67377
69457
-37740
16846
-44597
-50599
-46822
-1993
2751
96217
-5564
-60060
-62574
-48563
17237
-14496
78483
6610
-25835
54579
-75072
22849
-14833
31320
88216
-27925
52324
41733
-33932
63666
-30564
37325
79177
95156
47906
62009
21095
87496
-85209
-51490
42662
-98486
80168
-49005
-64404
70670
-58915
66768
-10426
77134
31988
-66709
43301
-99827
1551
97065
-81247
37589
26863
-66941
92707
73302
65422
-61722
-19645
72548
44936
92420
42819
79753
70010
-3034
-74195
58539
1879
67140
37418
-87577
82108
-44798
85812
67715
-98903
89608
31919
52157
-91787
-80231
-92803
72331
-79037
33417
79553
-65445
-69712
-44102
91409
68900
96021
-25514
49504
-42706
77977
77129
-32640
48131
49059
68867
-85005
75826
-75231
-74219
-52114
92675
-21478
-29403
-62948
-40051
79236
-31047
26910
-38956
63442
-23314
-3064
84309
73866
40863
22786
-72769
6052
-18587
24853
-18809
-26857
10375
50513
45644
82968
-76839
76312
7390
48939
-79581
61654
-98971
-88300
-6944
10935
-4544
30141
91570
-41069
-45087
61634
-58339
-81061
-41055
-86345
66770
-47705
3867
-13239
15689
-5828
56280
-99152
-48656
41182
-68527
-50883
63929
-7883
-6296
50322
-27517
-7282
-86267
28304
97941
81432
25521
-13096
-90780
-59519
-69393
-27755
-10656
80219
67042
79907
22946
-93596
-45758
60642
-61458
-54685
-95366
-4163
-5024
55137
16877
-41194
-55916
-23250
26563
-28471
41632
61886
14239
37917
-29982
-65575
-45759
-34846
81197
19134
-63525
57184
-86799
-85395
-53363
-98467
-84913
-22721
73032
-59647
-47247
14877
-30178
-32496
-43846
59131
67234
84695
47836
-84759
93633
-3858
-6340
-46273
24612
16309
-69726
-91851
-57454
-37870
-13863
50404
9821
15221
-68769
95543
10632
-49926
-15071
-37280
-98882
26695
-3760
-5258
-73101
10491
-47341
-6555
-66004
62958
-73452
55382
-40169
-51706
-31057
-90113
-52527
67325
10528
-54299
27524
79892
-57427
18573
-13961
-72817
7078
91945
-56802
-17437
-17980
-50974
-81070
61715
-96340
80011
-51885
-95307
-4193
50092
86712
-27805
31274
-41933
-8382
-96461
90719
-93085
-89981
46055
-35924
-55594
-71499
84989
13548
52556
-38480
-16371
-99678
48435
371
-39193
3406
60751
-97314
-29376
-32980
95580
-31055
-34741
-51474
-63507
-77108
63699
806
92246
-53940
-75784
283
-97571
97019
95271
54484
73055
-24403
-15721
46626
-50315
-37505
79312
16288
-88144
-70412
21808
-64204
956
63130
27839
-52328
27990
83756
10809
32005
-52659
-63682
7653
61855
-47041
28280
-76709
-14632
-26708
-29734
-99971
-16425
63791
-23880
-16831
-21188
-10718
73689
18371
-54830
29384
74463
-49660
-10538
99831
61342
-92561
30896
37621
-82704
-50032
-75401
69424
-99607
-62592
-80934
46935
48908
89367
-22412
33157
-66686
36121
-78284
-47415
-64353
27787
-59285
82157
-10011
-82206
14822
8778
-74589
76873
-31243
25799
-68722
-47894
-87370
-32670
99938
-12158
-5533
-5462
5193
-71786
-4042
-19103
58991
-39388
84409
3803
43560
76686
-37036
-42879
-47323
88616
50918
-26920
-82284
-91274
-62056
1478
98833
20813
14252
-88565
-2553
-80127
82968
69795
12490
-35380
-40245
17065
40370
-78637
-13105
-8215
84641
-18620
-14138
74572
9173
59693
51692
-99162
-63660
53440
-96647
-89381
8327
57126
-12574
71295
28392
-48887
-28564
-34979
-40316
-91375
-1497
25539
48937
-52717
91467
-41754
94541
97551
84471
-74399
-36512
63920
79791
-52262
95863
-95054
-13922
-93273
-7581
-10231
84649
-18421
91156
43856
-7692
-48901
3712
86473
55059
-26918
-40185
-62136
-80599
-16540
63672
30480
-73294
-68888
-93581
-36944
84779
88906
-13575
-94254
85522
-66833
40427
49235
5917
-86797
-91154
83470
-21308
99618
26361
-84842
-89890
21782
62809
80959
16185
-41779
43774
52087
74447
-6956
-24921
-86828
-42357
-91199
91045
93193
-29126
98241
56653
-6448
-98684
31005
62233
92632
41754
-58466
-41881
7057
-45085
-77194
47537
-99357
25637
-89235
75057
-23028
-24007
18255
6346
-17694
72472
-29190
99397
-640
-48875
-4029
-89550
87297
34368
37368
72086
65745
46585
-10519
26592
-86051
-54633
76672
-728
-34037
97340
-57449
-30284
-23402
-54673
71664
43201
-9499
-45153
53439
-98533
-63576
86351
6976
-14433
-3011
60738
-86653
84989
87685
5513
73755
-61957
98200
-19675
-92402
-34915
-60267
-2323
17674
-46327
28143
-53230
5524
88679
47756
-82642
68547
53565
-45376
-43871
56558
30168
24989
-60856
-66350
56441
-98296
-2674
61223
26263
11061
-72411
41165
42254
57989
-84831
11147
54189
-46788
48464
42516
-97044
12215
77423
79173
21782
50302
-96036
57609
987
1180
55194
-39214
28528
-94926
25356
-27454
62326
-94911
22451
-48910
64746
88764
32025
88647
-87375
7958
-6813
96549
59393
48130
61492
42281
-35981
61718
-99721
10504
5704
40617
-66198
-88362
31527
-31688
63742
-87370
-79544
-82745
-84078
50415
-4471
68864
-17913
-74406
10649
-92931
9577
79127
-86467
-75102
-44516
40895
53517
-15801
-37121
-99630
-54157
43734
90120
-18451
-32249
-68518
-37806
-1655
77626
31206
2933
-16198
-88312
-23621
3309
-80246
-30974
-22536
-24328
-24620
-11727
-49918
89458
-86403
-65943
92223
-40488
65209
99751
-11678
-55446
-75618
45268
-2620
-84392
24025
-32950
-8247
96757
-79165
81689
-16535
-66508
-60170
-14888
-3426
-55261
-79064
-11394
59969
63884
42170
-80628
-46251
56518
57365
-25643
-25571
-27180
-99301
18328
-8853
-1403
10271
55097
-99119
-4246
-45951
-14188
1677
30118
-48542
40217
97871
72275
62088
-30362
-73699
-44690
-68103
33700
32263
-63357
-85345
-93296
85194
-27149
74264
61918
13793
-6769
69809
19709
89242
82462
40908
47038
46856
93220
-95418
-92572
95884
-84148
7639
-30101
-688
7280
23753
-55223
33760
3640
67156
48456
-35269
37824
44507
56812
-1616
-44494
81558
-70344
92985
-16756
5428
-92351
74749
27459
-60442
-42228
64269
-83715
66606
-23764
-14570
74268
93354
87863
96351
-81003
-70768
56674
34677
-210
83763
89060
40690
21980
40789
96932
-48150
-49349
-32548
79694
47317
71161
-4005
-25998
32511
-39196
-13467
13971
46256
32948
-26862
30260
-91023
-93198
4729
-45924
-55083
-61217
-67254
25761
66547
-24903
-64932
-42218
64612
-83122
86919
83210
7685
-32969
-32629
-89136
42100
-18262
-73199
-71691
99715
91574
27120
51485
26681
-16381
23685
-97531
61774
-8956
-19821
-61813
-76818
78437
-92756
-27851
19797
22574
-50824
7208
-30098
38685
-34943
-13543
1028
2588
-67335
74232
11790
-8897
79770
41673
56085
-59109
12489
-40266
-20306
42843
-13195
78909
-40891
33851
-52735
22410
16322
-62333
-65087
31951
-76129
-7795
82402
27837
95388
81432
-75598
27030
56102
59684
60714
60242
-22111
87899
-9394
66204
-73670
37181
-50698
33118
-44823
3396
90927
-30748
21277
-5729
48907
-46701
-38678
11737
-7738
-59306
-38566
-36848
94814
11152
45228
96744
-7554
58573
-86495
-42472
-84850
10618
-40318
79798
-22521
-16850
20838
-99788
-32368
86779
-4937
-55196
36332
-7587
-6242
77869
74132
39934
-2765
-23038
55563
52107
33059
-15509
-83248
51304
-79354
7581
-29197
80201
3261
-73489
-37169
16379
50173
-22141
-304
883
70746
84004
51065
1939
52503
43251
-91034
53988
22616
19813
92140
-8784
-34815
8997
56741
2278
50783
16725
79743
-13522
-3117
56327
-53346
-3703
16148
72996
-9412
4168
-87465
36341
21339
-48309
25041
99284
-38212
74731
-39424
-17801
79134
-53494
-32709
15588
-50173
58192
-75073
-57151
94327
-70612
-56241
-2528
-37685
-85465
62517
89042
-71435
-72117
-43512
92738
-32665
53269
42072
-38539
-23049
-79563
-12725
-71930
64400
85780
-5224
-97321
55084
80708
23551
-69517
-7004
-96963
71208
-33442
94483
72110
-8040
93633
76317
47901
-25899
-45634
9848
27373
-77824
3521
-31700
66631
1692
64702
-48996
-91032
36021
1713
-2446
18616
51741
51325
68736
-86190
-34870
40690
75822
-47131
-12949
-87358
-36649
-52000
54799
-41662
-64126
-88778
94028
5005
46371
53114
-483
24767
7022
-75036
86021
-4543
54706
48536
69918
-56408
-42191
13491
