25974
13972
8374
2766
20543
15669
9507
27858
13193
29064
32465
18455
1041
1838
7531
28137
11520
24439
13455
31933
26372
21544
27521
8471
1445
8060
13601
23978
11991
1384
25626
7872
12491
8739
20317
7388
27147
486
6862
21150
30662
26097
30780
2536
7784
23246
29847
17471
8302
985
9565
628
30585
16384
19030
12163
9121
3016
14209
12987
1291
17552
6990
27935
29630
12570
29965
9741
2482
29511
20391
11037
21290
18210
5260
10060
22852
13088
2796
30042
15055
3495
22314
29040
18268
31692
3726
3590
20632
19809
13114
12292
9689
23087
11359
5671
28150
17536
3760
20391
21340
17633
18711
1559
13918
25381
2471
7820
22989
16557
28371
30209
15817
22503
22749
15610
7382
21781
28561
13928
16179
27728
12338
24013
6247
20684
6069
14496
25372
12637
15661
22259
12080
24122
28807
18259
5642
31746
12663
496
2346
26620
4786
3838
28420
12707
23902
27738
527
19810
2246
30321
9753
25756
23123
22622
10205
26351
16824
18258
6871
16570
17772
3385
18775
23260
4957
9882
27349
18367
2531
30655
5252
16790
19698
23831
6185
24034
15253
6872
17710
6715
22935
28648
16370
9805
387
20478
25444
3873
29392
2309
24784
12190
4181
22465
4601
2639
25347
12212
12647
28774
13522
14915
27906
6657
22524
20757
1760
5037
28266
30652
30812
9512
17771
6295
19304
5484
6572
2294
7716
28648
22373
6272
1199
12049
10960
12242
15676
28697
29919
17001
27241
5118
30766
6082
18381
29127
21047
12223
3280
32267
5317
17997
29120
2994
5035
14916
2849
2559
15029
23439
28484
25551
32735
25740
23067
25627
17861
8885
17227
17348
16987
4737
6787
17552
15838
29317
7692
32111
15882
4575
32674
15364
29070
24020
19331
8032
28605
29368
17861
20497
8326
13326
12780
31067
24742
12273
14524
26565
13852
20915
24652
28888
10461
10179
19036
2083
5066
16596
11496
9602
479
25659
14590
24736
27565
10649
25548
26043
26890
13243
17917
10151
11015
4798
1350
29462
21026
4471
31803
18198
29885
29202
5224
5851
27087
24056
1693
22719
11226
3319
30089
1671
26653
26525
5770
29416
3594
10468
23748
6218
29434
17173
23153
17611
24096
3046
19575
18311
4283
29669
1088
791
7824
19738
9158
2391
10904
25832
24557
9324
23542
30005
15638
28934
7979
12491
31217
28131
1933
28413
7314
9365
25846
14989
21960
20356
25017
18381
11946
8502
15578
5637
13426
4302
29822
16405
5775
20435
29856
16475
27381
19763
7686
11223
3256
27016
14707
10381
18649
16537
11039
9003
19808
11300
31332
2028
3754
25563
442
700
5893
24236
23269
2717
29818
22853
23405
15433
14570
9688
13647
18457
16477
10523
4082
30501
12694
10388
11612
2989
27883
19987
28582
184
23891
1152
21165
27898
24513
4566
11787
3323
13488
4720
21318
14454
12287
14724
23622
18175
6912
31469
15885
10217
31948
557
29602
12647
15577
6834
21838
27377
21454
27992
28683
22250
32405
14128
28986
32639
10162
23936
31380
19154
31444
778
29283
23128
22186
657
9202
31103
4344
29338
17474
24469
16618
5744
12030
18661
936
24682
28593
11043
28458
26992
27447
2314
10062
444
15730
10563
18728
16094
7998
13449
8345
11011
26790
32523
23587
31094
856
273
13051
25703
24918
17123
12640
6124
19439
16359
7980
20037
7918
1289
13481
356
17425
3679
4517
21933
700
10253
10953
8698
30703
22119
8486
14562
19062
2390
14353
22331
28511
7933
23857
23517
4785
31132
30422
11433
30811
11444
27788
27850
26987
1388
7665
26683
384
29235
15299
22665
28802
3495
14141
26331
1168
20661
15268
3887
4154
12290
26141
18662
241
10378
12225
6275
14779
32648
15859
28336
1580
14741
3313
30850
14737
3347
10410
17661
20078
21452
26576
25563
6699
16343
23853
24969
26890
22460
29498
17523
5724
32215
26094
28545
29941
1794
3796
3553
7133
9326
14176
27656
27464
9426
25987
25075
24008
20680
22141
12979
31170
26227
7155
1320
30495
30822
3905
23053
27971
13249
3857
9012
7491
20893
15149
24595
11346
14251
8849
25472
25213
3095
6085
9913
16793
16563
8041
19879
2169
22865
11537
16484
30308
29040
8788
32250
25285
17692
17440
3182
32037
16655
6736
10749
18775
24092
28033
9125
11250
19406
22305
29927
6917
11852
6088
5324
18181
29567
10188
5158
20490
887
13840
28952
23355
20491
2332
17368
7303
1984
30323
10420
10391
28653
25632
2899
8960
10780
2195
14142
7356
26802
23723
20894
14043
22227
29716
8264
23926
14208
12243
16886
12005
2
32543
15319
25393
29068
8819
75
18380
30236
9441
21223
9088
17570
32681
11712
5798
4196
7178
3046
19352
18337
10072
15662
2921
9588
27983
10037
2771
6908
11431
6049
880
21434
6632
2986
27949
22842
1152
4314
27645
6646
21011
8976
17866
22391
17426
11211
29873
16317
15247
1701
10606
13793
28496
12062
21013
3577
18466
31643
30980
16444
22383
2479
4117
22375
7187
16280
31768
7775
2412
1805
29824
20759
1200
9527
2908
21684
19588
21501
29065
15087
32458
132
19238
5307
12474
21238
10313
22568
19764
25475
30192
23944
11604
16550
31547
14288
8008
10922
14040
27713
20318
10348
12478
19783
18273
22882
5150
31905
30758
10460
9622
22722
354
18058
27049
22903
11198
2111
3948
8139
18734
6388
29569
15656
28542
6416
20297
30142
16686
5095
26710
552
14463
28288
21535
5197
10446
13211
9208
9093
27169
24818
3393
17406
25344
6592
25053
3421
25734
25216
27878
21672
3255
18935
1950
15715
8980
9076
31401
26105
9069
13911
32634
13150
27383
1744
30220
32755
15262
7145
8914
12714
2460
26311
2288
31594
18251
12076
13483
19893
9015
10561
2590
14984
27768
6291
27695
20610
4415
9307
20418
12617
27566
16642
3885
26410
20717
21220
4587
15871
5754
28245
7316
9046
448
22753
23820
20943
21996
12248
1787
19398
29692
22539
5246
26930
16664
6864
32541
31949
18214
5196
1276
21622
17305
22257
20053
6355
6281
26693
1829
20538
21513
31461
16678
2258
16821
2506
12798
28149
14986
14540
8630
19673
9979
7780
7533
19568
26432
23222
16974
23692
5618
8143
13503
8263
22741
3883
6107
22434
13301
4218
6435
3180
4852
1443
25712
1638
31906
10
5165
19108
9422
23311
29122
10806
20572
24535
6739
9224
16280
22094
23467
7687
4810
10092
23923
14725
23819
29880
27304
18143
22870
18699
28492
7261
30178
18071
32347
21593
10671
30247
29696
13988
18527
7080
2057
20773
18504
13289
25753
963
11975
32671
5404
902
5847
16300
24960
6392
1506
1697
27043
7634
727
17281
5383
32212
9084
27080
10957
16117
1030
23211
9697
21692
23783
29602
6514
17134
10983
26148
14757
21353
7542
15537
23690
25424
16192
12566
1871
2920
3331
14317
23475
10178
28317
25955
31166
667
18026
3902
10671
9856
2764
20510
25143
7094
7691
20482
32484
5336
22624
30223
15072
20162
30796
26509
17371
10158
27950
30771
31046
12701
12309
28580
11202
17401
7891
18489
28888
20600
3411
19201
24298
32579
300
11526
17769
22104
19317
4562
13641
28716
29916
5938
28082
1429
12274
20026
249
20200
17865
17801
17870
94
12481
2255
26807
26045
22943
14732
12733
24884
10975
9498
21092
20870
28236
31725
20449
9067
10445
3610
23944
4659
26754
12566
15236
23468
14607
12992
28106
27462
12856
32162
24400
16501
21679
21108
17785
5207
10537
15074
22484
663
21943
6544
12295
14737
7508
31578
26118
30134
32186
3552
15497
19506
24443
24386
29116
2253
3148
19240
2104
8975
24484
14598
7218
3752
25990
3998
6386
27407
23450
454
25223
22120
18563
6251
18362
26539
7533
7638
20544
5123
5605
20014
15156
884
18926
28990
16836
6337
9809
16761
29226
12429
16180
17467
14046
23488
12526
30546
24073
6444
794
30653
13629
21105
16874
1459
3428
8221
16831
2536
15095
6424
16630
11
26225
12608
23556
27283
16642
27472
1989
13243
29063
25094
1553
8139
19898
27781
2193
13466
13222
25080
30160
14929
5983
16504
1173
14705
6383
15152
8561
6680
13971
29630
21140
18560
28456
25309
3556
712
26848
13377
13649
13303
28729
6595
11618
62
25392
22974
16916
26237
23729
7353
19941
6921
13395
15942
22316
32685
9794
9513
6059
23790
14204
26301
8807
16531
10817
14740
7096
9573
5828
31582
14236
18484
31783
19980
29264
19994
23974
4149
14114
8196
16403
13496
27009
8045
7042
15779
1110
6253
5445
24147
17303
5363
5659
2269
3096
30030
4260
27309
1445
29171
3096
7277
6991
27258
18233
2345
22019
9705
1926
20656
17761
26677
26802
10557
27338
262
16468
1110
23227
14267
27104
31477
2138
14510
3798
17638
28495
26553
16185
16240
4053
15353
28227
18231
28945
2257
10071
26977
7586
22578
3895
12280
20089
14874
1399
3471
14315
11611
31282
11305
11524
1438
19451
9046
3359
29351
16918
22943
12211
3291
30441
5412
17008
2815
18093
32644
19851
1346
5737
8445
21078
27006
1825
5845
14355
1211
26954
2296
31498
17909
1154
8930
20953
7711
1918
5055
15628
8551
13380
22993
13549
19900
7322
23827
27037
6797
702
7452
18788
13780
12887
30277
16710
4692
26028
16910
27607
11038
2836
22206
8784
8282
32429
10826
9185
4420
3153
7288
18249
22389
19910
11332
27301
1892
14645
7299
5509
23084
29662
19398
325
25744
15625
17281
31643
16188
1344
17005
22380
1101
1467
17962
24548
17940
27676
22569
453
25367
28253
8649
7935
23385
23302
3008
16514
2780
31139
27837
6736
28003
20341
2892
5590
20348
7272
30457
22140
4286
9285
31928
27771
23376
6185
14980
10734
29867
13366
5703
20013
2976
25992
7162
31574
10140
3178
1805
10796
7467
11978
31497
4133
11195
12011
12148
11198
10403
23130
4853
27410
23395
25891
10680
8363
28461
9540
11028
15000
7589
8802
8811
28607
30438
19899
5970
22389
27333
30300
242
8012
30553
19860
2222
21292
8379
4008
24583
27558
5642
9416
11708
5764
10162
20034
22069
28069
29422
13302
8993
4104
26252
26122
3679
20774
1265
9951
13338
29317
1884
4419
12345
7050
18031
28392
27382
911
3051
21268
6348
565
12731
19867
29079
31227
12852
18955
25335
20752
3483
28454
16885
27750
10471
4757
16361
24840
2505
5338
9883
20397
5098
14727
8104
7821
11124
20397
2855
1395
24787
16024
10637
8212
2493
19129
7374
31391
27503
9956
1221
19605
23098
9660
15062
21979
29247
8043
28882
4622
19831
24470
14106
13846
23286
12175
11784
11262
15216
20685
26250
258
18172
31642
13840
31210
8216
13836
425
16791
30701
5942
17512
26076
26581
19103
21773
5775
1051
26612
12001
23263
3074
29433
16866
12519
23304
6085
3616
19332
32619
30511
3687
25188
6637
6020
13854
18528
27348
19835
1647
15372
12342
12650
32425
9868
14707
29881
27618
15529
21507
11159
23520
13860
30066
24301
14138
3913
18088
31376
18106
2248
29806
27579
10246
22977
26926
956
30079
18462
21498
29421
9578
6949
8400
28646
25678
7245
17949
24305
28316
6737
2943
3519
11669
8836
11727
22361
7017
25700
1119
17496
12956
29553
2944
31577
27822
23360
30792
5548
5115
14795
14738
11340
27872
21515
2629
12564
31263
22729
30938
26671
24709
17841
2072
5585
11722
8872
19746
13348
1720
1887
11956
17798
143
7976
10666
5873
10665
7945
16066
1722
1370
25103
28066
9087
32538
8165
24861
14171
6374
29093
12466
4955
22755
6382
23381
12086
14917
15671
24435
28984
9583
4963
5168
12928
13147
9109
10227
21355
16445
8517
26660
29776
4451
2452
13876
9838
4704
31708
19934
10530
28009
140
16557
1886
767
12851
19135
10582
1231
31962
25800
11900
14294
26519
14169
9135
8648
7263
21347
27055
9651
8732
21495
24533
21471
31999
19791
9985
28922
10520
11538
4307
30833
8996
28628
3870
7713
29606
20444
14233
4911
28729
20779
12248
4660
10020
20154
5499
30366
10543
27906
13990
25427
9653
5569
11953
15511
3323
24828
15136
31023
11456
3904
23765
3782
31509
31022
6532
32145
879
6199
29032
16175
10747
3235
23860
7379
14641
17624
26701
12452
28076
10713
15158
5732
29753
29965
10827
3920
3630
4930
7347
7496
20477
14577
24464
22832
11784
3011
14712
2198
19383
1365
21033
13973
16584
29496
17016
21497
18663
14397
24715
8867
4479
13039
7240
28720
6607
28000
13
25557
22848
31273
10658
25485
8182
8876
20332
21623
26021
19100
9699
14969
31398
11456
14662
31530
20298
21747
3981
18415
17774
31600
9887
29540
16463
9548
8901
13821
26272
11844
16734
9709
19162
8121
25557
26182
28116
30969
18129
20834
20371
19648
14763
8835
611
22527
27173
25270
29734
30171
6233
7421
25069
5369
18159
7596
10693
4601
15251
16660
28372
6976
25510
5471
17316
507
28980
21435
20158
7264
17447
29883
7547
7479
29626
25593
6423
1178
3120
5889
20999
3577
21701
2922
5516
16225
12773
28742
393
32253
30620
32445
2706
19421
16462
17908
10309
4854
7080
28212
7133
8554
10710
14152
1284
15114
30454
13862
14569
25625
10957
5586
3987
18771
24761
24448
7029
26926
15335
3577
32578
25184
3014
28735
22018
2977
5308
8052
24934
14514
20759
3064
29272
20638
15942
26066
16343
6464
2633
25681
8194
23557
13670
12530
22386
18420
31774
31109
29389
13547
7519
28044
24216
11307
20731
10980
12621
23062
601
23975
23470
19768
9067
5968
13144
9861
11231
8480
2971
7905
6298
19905
20617
1510
32610
3626
22605
7649
2778
19906
24255
31005
29364
22984
24373
15461
17442
22514
16539
27332
3725
4180
1990
7823
18570
3716
1029
21413
266
24060
10745
9974
12496
26047
4263
12098
16425
10048
17612
21283
5335
25727
26224
16462
15438
29045
17598
26646
1571
13490
27667
9522
8897
6981
23125
28351
6750
988
19846
15497
12333
25900
24729
134
1493
13203
27268
22947
4899
18940
21398
25539
17915
23044
21771
18693
24213
10075
22238
30790
23526
4716
24542
9448
3163
13888
19460
29649
5837
7583
15620
31158
4018
21369
31010
28313
28304
21125
11335
14992
30648
6184
16212
16329
28208
24216
14774
1483
8689
16961
24891
10750
11858
22120
3107
14702
31941
27918
22907
22476
24513
5655
17318
22454
23039
6571
16701
10295
26089
29149
26649
15250
20816
1930
18093
19259
349
13956
26521
7463
13002
23792
13181
11845
2641
31213
9483
26189
2405
8055
865
14520
15137
15242
5781
22287
11646
31882
2705
22633
2760
21730
29729
31280
26451
25068
11338
24099
5994
14865
30174
27041
8584
26161
8525
10788
8395
2628
8894
25356
11173
322
20062
10398
4821
28737
12024
11340
3221
5341
10951
7734
8213
21213
27272
18418
25897
17684
14034
17544
27710
21892
16298
31169
25235
8394
595
13986
18086
10422
16739
6963
16620
6713
17180
11653
29892
10884
18936
16370
23982
20334
31622
3239
3256
22294
10613
10848
23098
8906
12526
15987
24515
2344
25640
4112
20051
9091
12854
24775
29899
2697
291
11850
2721
17954
28224
16757
4824
29851
26813
11915
27440
27907
23159
10947
23450
24789
21265
23299
14830
16600
26950
32747
30176
26948
18045
8981
8497
22822
4254
10651
18466
30981
9765
28634
11822
13510
24693
21110
17144
27853
20590
18591
25475
613
10561
29586
15265
866
19843
18274
23470
14597
12929
12536
22141
7711
3540
23896
31635
121
309
1575
403
20852
14482
26474
13562
27117
11873
17041
32524
17763
2612
4788
22799
30812
19853
22044
32694
26116
17140
4357
31456
31000
25416
28066
19843
25602
9555
7522
25058
11334
27552
24434
1543
1308
1169
20611
3181
15710
28844
26573
25853
17573
25398
17748
16955
2992
12547
13674
7874
17413
8588
3445
14062
17114
22082
17906
19160
2869
15394
30138
15495
17235
15242
4740
24164
6471
6731
6828
1519
23267
17407
3123
14001
17627
27805
19718
31089
19752
16714
26755
13227
27819
7026
17977
4926
11283
27160
15855
25189
30720
17770
11496
22504
104
24729
28774
14228
10043
19943
26989
22248
16962
18690
28105
23057
13389
31632
19027
15641
8589
28683
14959
32091
17215
9935
30937
30522
7818
369
19874
19474
8875
30803
15733
25711
29263
20085
15903
25213
23616
14222
5198
6336
18244
9308
16025
22789
5443
10552
4545
12185
16807
13037
27191
24248
16136
32202
5854
11848
22537
758
24849
25544
6013
20484
21992
30339
31695
31943
13495
21513
31136
13160
9944
18655
4529
32437
9387
24950
32260
21180
11226
22362
14910
921
10978
24236
27472
7820
17871
26578
27222
22863
22598
10605
30399
2982
22729
1675
21423
26423
311
9503
21665
24988
24722
18606
7505
1207
14853
17738
6361
6469
21798
7876
27674
24502
9080
10270
26461
19261
24372
14143
15162
29475
1865
16618
29882
11872
23713
28913
1208
3436
17574
4774
22157
9811
13573
23955
14828
26376
3249
31339
9226
25083
32300
21568
3074
18669
28418
2549
26233
2563
28822
5111
1149
17178
13856
29224
22963
32603
11255
30236
28082
29455
5132
32136
31914
10676
19383
12535
2889
23120
7863
6847
29151
22021
19316
10804
8896
17638
7302
30491
12266
9481
15227
22882
21479
16349
8405
10510
501
2494
17747
14964
16741
8135
30834
27308
22593
22504
50
20547
2353
5944
26141
25648
26783
25228
5510
14089
3354
23880
12047
1655
7928
10869
13678
18152
2880
25620
30576
30083
24007
7346
23357
18017
1688
7997
28383
762
3737
24854
25086
11485
32620
23143
19693
14501
660
14519
26859
29992
31705
8124
7586
29425
8941
27760
2036
32753
24655
11879
24055
2929
29040
19295
21566
1611
6165
281
26715
4954
22780
14695
13473
7215
3522
25735
12591
7685
19972
19887
1578
17143
29637
7657
21321
7025
16143
289
4247
3045
23773
8572
27764
17087
21817
27884
19165
19098
9378
22786
18926
3252
1200
6403
28581
22431
10235
31293
25833
15930
27960
23195
25035
25312
19877
28024
12043
735
2728
17073
24798
22060
24242
17406
12014
5973
13674
7298
3491
18358
12040
16032
27809
1008
29438
31761
16018
31895
5598
25651
11813
26411
5752
23716
9302
31562
13890
10256
1009
20515
12542
20295
15953
11822
6038
8339
9582
10523
21067
14664
7959
5640
3598
19868
7547
12790
6446
8889
238
3198
29492
28433
18154
2752
5132
5362
10836
5789
11877
27482
6401
20006
29017
2316
8825
18259
3409
17891
17403
15353
35
26215
13761
12790
27774
9630
7556
29614
136
4389
19011
27836
12229
27518
23873
16097
17467
2220
1101
9024
2772
22781
10565
27598
7939
5672
15069
14596
6570
18071
29341
14295
10044
2822
15401
31721
18719
27213
8645
18945
18004
3962
25112
26297
3929
11811
4912
15734
6478
251
30407
29597
29784
5794
25541
15364
8515
24770
26886
32423
27243
14679
3420
10397
17372
21070
20696
14410
30392
17234
21317
22997
7129
10723
17398
10204
10680
4008
32450
25703
6541
2822
31308
15899
26552
19953
27528
30129
29536
5890
17018
30630
346
14538
25665
15923
26188
11111
18005
3967
7186
23636
20237
27668
18016
12422
8036
16783
27305
27828
10748
13724
24384
30710
15203
7458
13758
11409
22422
29627
9379
11025
4291
26471
13376
25497
15187
19585
13012
18808
9000
3570
13301
25852
9763
28068
7985
14219
22506
10554
4598
9711
4840
22270
6319
23794
6805
3866
816
25643
13047
13580
22612
21271
20841
30036
11492
23660
19099
19311
25019
9129
8666
9225
3368
4338
23953
28527
5012
5915
1296
14403
13157
8195
11149
4723
2082
4899
11368
30315
18647
10854
31924
23690
17851
2363
13810
11475
26896
18921
15903
22246
16203
29988
12530
9774
19061
6109
28255
9819
9425
27486
29279
11283
14015
17301
23027
21988
992
14256
14694
6526
21371
14571
10195
12575
14367
2982
9192
32078
14986
22203
13801
11980
11210
15630
29432
19656
25250
13670
17811
27474
26671
5243
8030
9746
22475
32080
30755
13114
30258
11202
15895
8889
17380
19809
7007
7602
3786
23680
13522
14892
18203
12680
17921
14091
7041
16018
15988
13375
8312
10548
17463
15163
1783
13978
16278
11176
9811
15833
21540
24667
23904
5249
27394
8325
3801
10609
12893
12586
15618
16880
13881
6869
2187
3321
30317
30601
5816
213
7663
23802
8895
14064
16210
14077
15986
14821
14989
9790
1565
31195
12286
14129
19378
23316
9391
1355
32035
4803
15319
7793
18960
17950
10660
15025
19618
8117
17207
7216
14775
20226
20465
11107
23615
9793
32749
9090
24549
19074
11213
25402
12019
10748
16826
13731
26479
11428
934
10097
11146
21246
31444
15470
20796
14131
17563
6440
13608
9317
7271
29926
13509
14399
18176
26593
5055
17104
17167
27057
20635
22681
25310
5126
11419
19172
13151
32152
27361
31320
21616
16737
2774
14283
9821
1545
461
10071
28838
6562
14308
22960
26115
30101
19499
4020
10662
16092
25609
23620
14784
5746
2523
6227
25414
19976
24285
23868
8949
21754
9294
31065
6036
29057
24527
4817
27001
6698
7949
27825
19278
903
7839
575
30741
13860
22578
27787
21098
16572
15331
17990
2312
23213
6380
471
25743
2730
31107
26028
8837
9648
30207
8910
410
14907
17213
14777
25392
15289
66
8554
9754
575
1825
25785
7844
29307
17695
10729
20436
25066
24086
22654
18928
2890
7959
20814
21056
10067
1107
27867
14357
32162
22076
13280
31499
502
8679
1578
9866
20894
4277
9129
1683
9522
25394
19399
6585
2690
4925
26360
25709
31436
24938
28307
2431
8498
20900
1760
19426
25962
23319
32626
23984
3768
20301
11703
8301
4889
15510
21965
14992
26305
20398
5527
9791
24520
30874
1553
7515
545
22227
1760
1724
18379
12454
26670
18622
14667
31195
26292
9468
27225
11669
11800
347
11994
32633
21882
16971
7182
10258
2634
6729
10763
20596
23900
29352
2410
24864
26174
20882
320
14376
12489
24906
26960
2708
10486
31923
5246
29955
30963
25878
16263
32662
3446
1312
22512
6409
13394
25898
12092
19747
2376
13502
28258
14929
9503
3414
23934
2702
17142
21094
21447
29573
20442
21149
25537
506
6292
3688
6068
13414
2500
18361
21084
10465
13876
16134
10210
25157
5990
16788
17163
26769
15471
27893
10928
18571
23304
19408
31598
13994
30435
12256
27038
22834
4923
27967
8071
32161
8879
23269
19411
15690
10576
15467
29760
21824
17657
30997
24728
13685
4063
17424
12771
2851
4456
6648
31195
19051
12609
14238
26272
31549
24747
28167
22189
19831
28181
30648
26891
14417
14064
13104
24004
10488
11199
26295
23195
1145
23149
29014
26618
225
29412
3367
14892
6562
31195
1743
6860
9017
7663
3656
1662
16910
25334
1252
21213
18588
6032
27790
28852
16593
18686
23635
7792
9400
10552
7714
7893
2645
6969
22992
18417
18129
22942
29023
32334
19671
27503
29312
28780
19005
23357
16726
9838
18663
25709
24701
14868
22248
2771
31307
19177
31211
20611
3926
702
29138
32227
28214
15958
3740
12293
22668
11875
7564
8500
31043
1201
12679
24525
4117
418
19135
26449
30289
30170
8590
20407
24796
3131
6308
1799
886
28692
6757
18724
31039
9109
25997
18921
5754
6791
3350
17784
1936
27962
12123
27343
24920
14270
10365
21661
1685
31061
17414
1107
1729
2089
12748
4989
23049
27963
16921
3923
7832
15516
11528
12939
15128
15839
26930
29042
2678
30926
21898
3131
29926
31324
14982
7063
6696
26075
26240
19334
28937
9839
26971
14444
44
21699
13161
8807
5130
9466
7052
27360
5688
28905
4252
4192
27113
12931
31241
7333
29107
660
3010
14582
8854
28595
4437
23731
18490
16753
29783
18992
24184
31703
518
19907
9244
14096
13357
29468
19177
8034
328
9429
26846
12643
30697
27210
3768
1641
10586
14251
10168
17730
10116
1104
1702
2853
6671
6988
17430
24809
11979
23108
20970
4213
26959
21122
26648
28280
5600
69
11950
27738
25492
3163
18707
1650
27062
19442
9871
25209
7277
29356
15373
12862
29849
10993
2848
11932
20222
2185
6725
16041
18084
2410
17000
7985
3709
6350
30121
7779
3657
18569
25439
16329
18103
13466
7517
23678
16589
17664
8821
5019
3209
16847
29243
7922
4809
28034
3595
24575
15976
6547
2894
14619
16554
26953
6904
1779
29914
14034
10837
20025
10033
20113
262
29081
17146
29881
71
1007
11252
26907
26483
2743
18168
23868
16841
17604
30171
4267
24944
18742
2710
1937
3001
4774
30116
3978
15013
19107
13228
1715
6055
26978
15968
6405
5034
32177
1189
26593
16470
12589
11764
20459
20111
23733
11520
16668
22079
16670
26009
23827
19286
14376
27088
20396
17423
29105
4700
5588
29812
4393
30268
9884
804
16198
1438
12940
6996
1017
19456
27961
24596
31904
7573
5401
9427
17021
13290
11671
3878
5479
32201
8035
1477
7871
9822
13068
4310
24742
6040
6608
3951
9581
31698
30899
26198
845
691
10702
3083
18521
27986
10218
5640
25264
9630
22605
11079
6391
25854
9940
5
9991
11828
10306
16070
4834
7815
14040
665
19948
23073
15654
18077
30296
6070
8992
28356
19680
3942
4468
19927
12985
20709
32539
19642
17350
17625
15662
5874
24844
23939
29948
28772
16230
15010
19545
6239
20089
17556
9273
24029
3051
703
9597
18694
5840
12591
4108
32246
5989
22912
38
15552
20225
29439
7669
8883
25672
19980
27493
4316
16290
20163
9270
23499
3052
15067
25680
10394
12141
7885
2134
6956
20747
3641
31869
14771
15806
17286
28063
10613
16966
25290
4235
10447
19737
25577
29600
27258
27808
26624
3738
13837
32162
32260
1195
29123
7681
6822
19662
31103
14244
18298
13400
26381
14260
19801
28623
12203
17931
24068
11776
15048
4329
265
24908
22027
233
18411
13123
10903
26932
3453
22132
6030
2037
17551
10882
5587
27405
6604
26235
2325
3335
27875
15718
8713
15950
25829
12571
13814
11933
9198
1880
12151
10936
24072
5392
31869
25178
22348
21510
7571
19054
3403
30363
14950
28545
4012
28132
24452
19576
19478
5632
18788
31102
20816
31913
24743
18241
19878
30216
19357
6750
19599
29646
14603
6937
30606
21120
18475
3410
24150
4370
12789
25781
2609
9912
6045
26928
24738
27385
6749
32682
6473
17413
8308
27378
19208
3912
27503
6389
21604
30783
25511
20533
9006
12683
15627
20854
8034
17476
22815
16826
15695
27023
2629
28784
31480
8819
7228
19945
19643
488
17894
9739
15664
23857
26702
29513
17492
22124
16105
24019
6631
30056
25884
15113
1810
17078
21759
8502
31565
6403
17249
25467
26752
8357
32012
2569
10856
10611
10569
6803
32061
22234
5543
17668
18322
21037
28409
18541
15228
30525
2974
9281
4854
12074
11013
27076
27524
28024
20079
16833
1303
869
3831
31355
26673
15738
5328
12775
14153
32609
5071
28696
12145
20982
28969
17915
7222
6048
30333
17476
17096
23266
13845
24232
2139
27437
1129
3917
22476
15353
10980
20095
2696
14868
14315
12964
22698
2873
4124
19570
5219
27620
9427
4959
13471
8037
29683
30297
29413
9779
13539
25784
127
11908
22230
25457
5852
29466
13392
652
26418
31840
8166
18136
11623
30645
11845
23517
27186
6408
24949
8722
2174
15013
6495
27984
29199
12110
28045
1927
22375
31374
21554
19376
12011
25418
14954
27906
12098
5273
29122
15977
18686
16598
5883
3636
25470
31475
22027
27149
24850
14863
12133
24367
11873
15179
8826
2771
24840
13786
24960
3819
10628
5464
29298
16147
7250
11869
24920
6597
5716
8529
26568
25036
16503
24450
11693
27643
30355
1651
1863
29982
5523
1400
21619
5169
29909
16767
25901
7376
3796
11057
1875
1519
7428
31546
8619
10443
11005
2276
40
27680
25820
28395
13673
12189
9446
29325
13699
2965
1135
24800
3584
14583
29691
22120
24360
13696
7842
9449
31359
30767
7353
19322
19086
18938
14766
13531
26598
5823
20788
12296
32611
19069
1952
22286
28078
3780
24979
22558
13317
31850
32474
21728
10815
5504
31890
19465
4618
7044
17040
16688
28536
5592
16384
5854
19130
7283
23371
20196
16171
15063
6463
9457
31632
32579
16234
14179
6045
2601
30150
12894
25276
12770
11164
12571
4107
3745
17314
18819
25507
678
19302
30205
17696
4788
16880
20868
23390
8900
12707
23036
5504
27387
8549
11462
17719
14554
8448
29074
11841
20661
29895
26484
12079
870
9340
18491
26476
19522
29041
30206
32379
2892
30702
9975
28800
12201
32723
916
1026
26196
16510
27340
19695
8467
7151
20656
24800
2474
5418
27458
8351
13646
1501
8585
15079
11356
22339
28901
19562
6731
16968
15521
16664
14816
23278
15303
23199
20896
27375
31032
46
21643
24484
6651
15231
31495
20261
24022
1812
26651
22706
3611
20929
11997
25682
20165
23402
19502
1465
1475
20238
26788
1647
19604
15876
30408
23343
8212
24709
386
2190
17046
16235
16081
15069
1074
11064
15039
5455
25953
9306
11925
31839
18375
6318
22603
24428
8527
6722
26178
17830
25981
29535
19254
8750
6400
15303
3694
13177
17287
21307
27701
29174
13270
25920
23182
20976
18969
23075
17956
23733
15480
22843
7040
25848
2539
16494
28798
23156
3920
13558
25090
210
29371
12645
31207
3533
22797
13543
12600
29332
6600
30664
25251
21615
25889
18742
16682
30886
4183
31303
10012
10143
31812
31294
20804
19270
18994
2058
23136
19633
21231
7439
2773
29957
5156
29993
20640
21907
2018
22510
29584
31559
6782
1844
22962
28995
12959
30420
28685
22215
32661
12717
2960
3156
492
4075
22089
15377
577
8841
7384
16749
27221
30740
4130
13318
13408
7858
20298
6602
25768
1892
19933
1115
16721
11912
27212
7608
15479
11682
18592
26651
17530
6747
17769
13597
28313
22218
5367
6176
12227
14067
25293
22510
6057
8077
1363
9118
16920
521
6603
3768
29318
22991
7302
6297
3563
3787
20824
17176
26322
24872
4169
31849
4015
16987
19085
24642
10099
16228
23479
5181
21598
24656
31529
17278
24852
8451
25039
32149
12276
26420
30733
31909
30885
6585
8181
5830
1009
15621
28606
24233
22999
14575
28785
14203
5595
11189
13542
24587
21921
28224
23791
14638
30138
11689
22739
19299
4286
15869
254
20403
29851
2621
22006
16347
556
17833
31889
12717
11022
16958
19046
436
431
4222
30337
4375
4007
19567
16987
6847
26188
15334
12041
25532
7552
8709
4787
19173
13518
27651
8776
31679
2742
6955
17264
18593
24132
4136
15042
28693
3816
7039
2616
20864
3713
30557
5087
21766
14779
3731
21715
2728
2715
13535
19563
17583
22872
13421
25521
12622
8045
21661
26901
14211
28908
15879
29794
6974
8213
24509
18160
11461
16167
14799
31772
1879
29814
12565
7669
8975
21694
20520
29240
15884
14263
6578
4991
24783
15081
20456
10933
484
26306
21844
23757
3269
10726
2776
16563
20475
7878
20208
29059
5766
20340
567
4346
28799
27574
13613
20010
28412
9561
25399
17521
22324
9927
24295
18091
4324
22492
21374
27303
21489
25846
32687
26840
22862
15435
3494
9293
4896
30080
11337
28387
12320
22391
19902
23994
28225
28776
12077
16869
148
29747
3527
6502
3176
21748
11527
3161
437
18904
4663
19055
21179
14384
6455
23710
20198
12996
18042
16151
9461
874
31313
22393
20571
29399
26988
6980
30181
17076
32413
31376
29598
3573
2528
25343
10224
870
24729
28400
13323
11910
21276
5365
15755
17049
7026
27528
29524
7161
10587
21753
22977
27565
28559
10155
8703
16700
5705
9856
4275
26307
14086
23954
14307
17222
1418
14116
2067
14148
2597
23768
31918
10126
20788
14626
26536
10841
13290
11516
8290
2705
7761
19931
6606
5488
30347
16354
9171
26192
2398
86
23539
9405
8176
13395
4395
26831
8910
20413
7962
14774
28211
10360
1126
23191
15240
18908
14428
22935
17447
7267
982
5429
356
13733
24930
11228
11726
25735
10400
2488
27570
19887
2284
2250
13537
11323
5949
22327
30643
2738
29517
6118
1356
2106
18427
29001
13598
32268
10989
32379
25007
6438
8057
22156
8861
15423
16582
7705
26591
15872
22318
22303
23117
22385
23783
25360
9571
22194
13795
27431
3650
27115
7924
8953
31735
5765
6196
6478
21760
12443
20132
2862
22028
26283
18707
27967
17923
13714
23618
8014
11078
22711
10821
32299
26168
2694
12588
18362
21757
10528
11491
1351
25730
4944
20567
28698
12989
20930
6618
1099
9782
24687
18121
13784
7878
11356
10860
31733
9118
6532
27677
9891
12940
9490
28845
12932
5242
30676
29443
3822
23352
31981
4102
2622
27771
20682
18878
22639
15909
7255
17845
26603
10182
12402
19108
30880
28003
30112
16715
10583
26487
1022
15521
28481
27704
30587
19757
11219
24091
21573
9140
21716
922
3969
18196
25269
3125
4159
24944
31008
26295
15533
26765
32211
19642
26506
9596
4527
10093
12766
24442
8204
12693
13545
11796
30800
31442
2137
13967
9664
12324
30912
22662
31126
19885
580
3541
31571
7609
25497
438
13142
10491
23852
9002
942
31769
28833
13979
813
26220
13440
10943
3773
5633
4139
13503
1271
13539
29716
30617
24562
27548
25132
15043
8537
27897
23199
29713
17601
28430
190
10456
11321
13690
3132
27220
15138
4332
23198
28999
4929
30694
13549
7395
10258
7361
7598
22762
7263
9458
15124
12052
7698
25995
12659
1969
13384
18693
504
23951
13222
16956
16792
26910
19696
28859
15430
1746
27095
23098
22633
23753
19475
23909
20109
942
8882
16863
2392
14045
2480
2439
16832
20423
10183
26362
11132
4248
24200
32089
17848
536
16555
19788
9229
26831
17060
29510
17328
5485
22903
6923
16618
5225
31692
19568
200
231
14662
30050
8979
32479
23569
21802
20610
8316
18618
11503
14639
15042
4164
22909
22344
28020
26744
14917
18951
25141
32380
2468
23780
1773
22439
2664
3849
18286
13460
11920
12038
2648
10869
6995
24262
30009
26282
11876
5057
15353
20627
26741
26484
32630
32162
24826
19470
32619
11188
10031
31085
9110
13729
13404
9800
8218
13841
21335
25006
14626
19602
8523
8367
27079
14568
3001
21593
29236
16548
28604
7142
4359
4857
16017
26419
27643
7882
19286
7540
27588
3847
9746
7207
3899
24890
10230
8774
31163
19037
5347
31681
16587
24047
30252
299
15613
11079
4764
16307
25110
17703
10171
23895
25198
26516
18509
3412
8602
12261
1052
10465
14921
6939
15607
16412
7020
15984
19707
14149
154
28211
25105
17450
18866
18130
12984
24546
30146
19513
28677
190
17703
4954
6375
12413
18166
10765
4784
21183
21915
12571
10961
12221
18112
23701
26085
5942
21105
20075
16370
12205
30077
32569
16875
17873
21279
10596
4217
12349
23005
27238
22522
7009
12209
3686
14795
20928
10599
14860
7874
21597
20806
26259
4863
22383
16626
25632
3813
30556
21137
22098
20835
14821
27949
24346
12152
12190
28761
27597
31990
18850
792
22647
29318
14212
18938
23923
13548
24969
18568
31544
24972
21268
29154
22646
17453
10593
11431
18018
6654
23158
19989
24397
1494
26711
20594
29564
6592
21626
18602
14388
6583
26490
24377
27924
23470
8463
20555
27560
26836
25662
14114
21818
17429
13261
10425
21227
31204
4858
24999
7171
23864
24173
2885
13958
5588
12650
23571
9736
25548
11083
5976
31937
15429
10542
12297
740
9084
18411
4844
26669
26634
16969
23549
13241
9062
32625
31505
26139
9131
26018
3001
428
8859
17703
25705
27938
28132
28550
8410
25701
25763
20219
11180
27550
28199
4644
2896
30864
19959
16382
30245
17963
30998
18448
29153
1630
20613
25318
563
26158
25866
22209
10919
6149
10288
29837
18377
22604
11919
24851
909
8251
26445
32368
26862
31472
27877
2502
23254
12479
21287
16689
29246
15562
5761
9725
1942
16593
4220
12054
27495
27467
5513
32703
4663
949
8190
30343
14253
4394
11356
10361
15605
20276
10963
7316
18022
25826
10760
23419
23650
4634
7957
10093
4990
18225
28369
28790
32739
23225
7251
22759
30709
20890
16561
24069
27186
28005
12301
30974
19036
29924
28627
19489
23002
27382
25148
12365
20316
10137
19223
13994
8638
1865
4552
29336
31279
9353
25745
8165
4498
20415
8464
31043
32036
14660
9737
21241
11871
444
29286
19928
10783
9379
13692
13937
15108
28969
13456
25733
8983
1344
10650
11965
4272
32499
32584
18075
23191
22521
3654
4273
18281
8074
16317
19729
25661
1649
14618
9220
11912
29027
29968
27391
5438
1423
28128
13778
5434
25462
15576
2083
29920
1021
21273
15131
25345
27584
12190
27487
31998
10410
13946
834
49
19907
3425
13625
10888
24904
8554
31375
3699
28929
14867
27225
24065
16591
15750
31917
28998
18309
2587
3599
3071
28152
2333
14124
9849
17498
24273
19659
15790
8643
23476
7168
28337
25105
4869
13986
24909
13810
14979
25600
17897
14655
14200
2512
27311
17292
31990
8552
11246
9981
8033
3377
17340
20827
16685
25176
15583
870
15593
31430
3310
4717
12413
25427
6579
26653
19888
31286
11732
13463
5101
20928
8370
1733
22342
11083
13714
16109
14521
7789
30203
3974
29618
16497
2910
75
9426
24583
23549
10127
28143
10554
28421
3536
7004
17827
23549
28558
11882
19676
18788
20829
28974
6456
16022
6714
30597
21681
19696
10267
12630
21026
21556
4810
29207
1719
26159
4338
4499
14241
3481
13178
2538
12302
31804
27411
14041
4952
25689
3085
6715
8060
327
17519
18896
29647
4957
14406
27198
12268
21266
14397
23381
32497
8035
18030
31127
25323
27509
23928
6392
21646
12156
11730
7394
2858
24795
17759
20860
218
13709
21826
27180
1791
14019
2547
18779
32492
26318
10642
30072
2787
32320
27772
24383
19265
1102
17437
23867
31733
18041
1029
137
1590
29550
8509
9952
23158
23850
31707
28110
9873
9825
26324
27460
15435
24353
25106
20309
15353
21683
15046
21307
22398
6338
1536
6555
16761
958
10621
25610
7357
13955
26303
16847
2
24374
7267
7146
25050
17776
12720
16982
230
24991
24684
24204
7241
937
20723
28488
4189
19666
15498
12687
11173
223
2544
6897
20483
29307
6198
18700
13355
3803
11217
2641
22872
19614
12782
25611
2366
503
19973
14748
28735
26125
26033
30986
10209
16802
7871
28859
17792
4851
900
12925
16704
10464
16756
10186
18758
31053
13809
15177
21800
14024
15713
15255
3489
26988
30851
23368
23690
3845
31747
29225
14597
1653
7756
25544
1020
19030
22429
20279
2250
16096
26719
27660
30263
5901
14774
14508
25514
5372
11350
24010
13978
10643
18840
27434
31814
14185
2764
20907
2982
31971
10961
16004
929
27037
13796
15310
31104
25355
19382
14915
27555
15456
18369
26693
19570
26030
17371
31266
14743
5711
10508
18326
13163
30341
17053
25233
26797
3165
1905
2875
27258
28633
3481
9525
23673
2637
23586
4642
30039
25866
3889
5479
25459
19258
595
9518
27098
17163
29966
19633
18805
8720
23996
949
19073
16612
24217
8020
31296
4624
4378
16384
28910
8238
7040
24773
13303
14159
17582
27598
2151
15771
31287
30763
18850
32567
31932
5330
6229
29036
9845
17635
30124
12549
13
4400
7878
16376
6067
21244
15462
17993
20078
7171
15083
23084
4016
24507
24194
4970
10031
16858
26522
28165
10480
11800
23448
16415
8100
7478
17868
18200
30008
11071
1188
4087
18856
25358
30496
16139
11284
25360
7814
31442
27157
16203
2135
32281
26961
17567
5249
5477
16205
332
27606
2962
31619
14005
15037
18874
22453
6244
1064
11864
17024
31821
8390
24493
30772
24663
15993
7523
7651
26904
29706
21873
4792
15840
15644
62
27530
26106
29278
2057
19633
2862
4613
16264
5657
17802
27770
11215
5525
21603
2383
9588
13173
26774
22648
5361
19802
25619
952
20041
13129
12957
29785
20463
31487
8139
24864
26851
7556
20051
30848
2590
4867
13447
31502
18224
24793
16928
23093
18984
19948
4923
12075
16052
12606
21665
7715
30857
3778
15691
31173
22789
30318
16678
15067
14355
22929
24851
8269
21584
19047
15410
2895
3692
23018
18016
27609
29650
2028
18430
20823
23691
31075
2805
29603
8287
26884
22774
18480
10046
1555
12039
30600
22751
13689
19003
18168
12199
26903
29120
19081
29388
346
8735
29491
23482
27919
32192
19790
10934
31609
9901
841
28353
5281
26007
30878
1215
19438
16926
4357
4568
245
28749
30697
32031
658
14180
31768
11377
26680
13787
21438
2208
5509
9891
23700
3281
7194
2991
11349
25891
28585
25011
1394
24722
8271
16684
1030
14874
3877
4256
5900
32031
20754
11303
6608
2316
13283
9770
8611
30779
6557
1387
21459
28181
7697
9285
22490
4218
15026
5430
14806
12387
23716
12442
20793
26053
8469
12217
32706
8889
11216
30980
23724
475
19471
412
8229
21487
25489
26644
25345
12491
17389
11384
1712
3953
30246
10638
22893
10619
8319
13147
19129
11708
32401
32489
17416
1572
8090
14152
31162
13540
24344
25555
18508
3283
19351
948
29136
18704
28615
683
20378
18409
12753
27403
19517
27900
15595
30981
14774
28316
10539
29480
22502
4727
21912
27689
8006
7541
10375
20960
9174
31459
10789
28052
9302
24272
11600
14712
6585
26551
31403
12149
23255
863
12785
29994
10338
6912
21897
2354
13595
19111
13403
21925
32325
10203
9699
19425
2138
23425
19587
28042
21502
4861
21022
26319
7985
3226
21218
7663
18120
17196
27237
23548
23582
31988
5876
29408
17159
16835
26408
1181
27653
31842
9657
20441
32447
19250
30615
9625
2222
17424
8247
27725
1050
12155
24619
21517
19269
32505
8694
8226
19430
694
26910
10696
3800
8815
14211
50
26644
7566
23790
18895
25309
5783
25837
19148
15930
28098
5855
13530
3497
12010
15435
9265
21010
5797
8566
28116
7930
29365
1076
8983
8185
24991
25854
28255
4718
13721
28229
11562
1905
32425
26118
27471
521
12
23967
9094
17823
5333
5089
26922
26803
18390
15718
24382
32718
8899
10020
8367
29880
30869
26435
32216
24042
12077
4140
13131
27206
19514
6627
32207
13574
18780
30102
12197
5619
29578
32630
11024
16855
22961
17093
26132
20276
3741
17456
23421
29494
16925
18016
3363
2791
30050
15564
31597
17570
20137
24785
13844
32202
20506
7428
27177
10427
30191
17095
4442
20225
32728
15898
9841
969
27038
15284
797
23188
22279
30035
19189
13875
30459
6224
1978
1007
8676
31350
23260
14088
14171
4372
26688
6241
32512
24145
24129
15993
4265
18624
16117
16797
1984
4404
20145
92
1510
23254
19407
2108
18652
31092
21422
30379
22436
31260
6395
26168
2787
6634
20271
15363
29834
7966
28505
26994
27317
18545
14878
30246
14804
18090
6910
26158
16904
29804
20697
20602
976
16466
32689
14738
24548
32062
4017
1672
3681
3309
32110
7210
4391
6351
32622
32381
9599
19734
9447
1127
30978
18957
20936
29612
9654
16300
15357
6428
14713
26473
19951
12554
19619
20560
4683
13311
27623
12630
3333
23472
22906
13803
9628
29742
26999
30926
1695
19805
32131
8485
5744
24743
25517
21965
27976
32497
7319
31471
27771
6862
19675
28116
23294
755
23976
13050
11046
8428
4268
19047
19890
4109
2871
7741
13836
8362
7325
16271
29644
7051
17372
25971
1406
22938
14462
25176
18597
991
31425
922
11008
4014
12022
3924
267
19231
18471
21622
9673
3519
17916
279
18369
24965
2527
13068
1862
14344
1887
30393
18940
32750
21458
10279
26520
11944
22847
27223
5095
4701
12411
10454
10770
35
26257
22418
15648
12917
12647
25836
4540
27618
22431
4622
25913
12802
20412
9599
9683
13486
23174
11252
56
13680
7343
15210
26183
825
31670
27761
29463
24146
16908
32203
20539
22677
20086
22069
68
1501
21170
22661
12936
4283
25949
15861
1058
1899
27412
27327
21050
29958
6874
28906
391
6904
8633
13667
24337
24245
10668
27471
32316
16296
18365
22944
14338
26988
5483
7910
12160
13887
31054
26472
32692
13748
25342
18804
30341
2984
32304
15347
259
15222
8482
23360
11505
13167
31290
28731
25473
11396
16618
28057
16734
12870
28118
22398
12271
26385
15929
18765
9179
22659
1668
3519
9416
30771
6217
32050
617
3232
16216
5700
23223
11880
6696
1185
21886
9659
20856
2585
14620
15374
29493
32246
15493
22036
29855
22156
14987
27114
8104
28945
10845
9618
28572
2991
333
22946
8455
9688
25046
31805
30932
15066
15325
22595
1714
2739
16951
15557
26300
25894
22892
16572
18008
11022
25530
28410
12383
31219
3677
28256
25727
13787
1038
31314
15838
25954
10442
16232
27904
5133
17108
28774
2283
11996
13565
10095
15241
3870
11811
26485
3405
10121
29176
20980
5145
1930
7940
25824
2400
10458
5614
21724
2952
15186
26103
22444
3730
25344
25287
29421
16380
7290
18284
8963
25062
15218
2720
28244
24949
14219
18506
14516
11381
15211
25672
27423
2626
10770
19052
17326
31720
3690
28612
25028
26505
10527
31007
25224
4863
4272
10956
8601
12739
6087
1445
29181
2573
28102
13645
25434
30013
11682
13237
26472
16250
20212
17893
27558
10905
11597
13817
15180
6208
6602
28265
15745
8011
10985
23182
25551
4206
16027
12386
23764
11804
25243
1928
24378
7080
5885
24972
8425
18347
7946
1899
20090
21925
21579
24662
5871
19175
12260
9651
8098
688
32292
6245
29820
11670
28761
6989
18535
24615
233
22288
6662
29905
23966
19227
4259
17663
19522
28645
9577
32133
15724
20084
27859
4670
409
12579
5220
5363
21630
20898
26777
29567
12957
10302
30492
24881
11543
16483
8506
28530
12225
13919
12951
6568
28025
17000
20512
18522
26299
29921
21314
3988
15983
2009
25945
11405
20741
27093
28524
1671
16836
26063
12823
14071
29279
3198
6600
23782
6346
17112
9007
16279
26443
6614
25583
1130
31444
21367
2970
31744
912
14599
28892
19104
23484
9889
32502
28633
184
28659
5998
29033
8798
577
15365
11614
15506
26540
5354
6011
28442
4021
10029
26077
1969
253
20342
28895
29270
22606
21751
19002
1002
14559
10399
20337
21242
4564
9361
15212
4826
23813
24532
31586
9459
15104
27212
19197
21597
4177
1257
23481
28593
2049
10782
2958
13592
8028
31381
28366
17576
7927
25121
12624
3313
9458
2292
4814
26066
9339
25874
652
19858
32403
5
7738
31787
6165
17618
6172
16617
4340
27181
18536
24116
196
19689
28144
22442
23676
20146
25088
26226
27002
3326
17290
1996
25031
1089
23936
23020
11677
29536
19586
15112
22054
4969
10169
24240
5511
30593
12547
19806
10269
10526
20560
590
17158
21622
24140
7055
21476
6455
574
20571
28125
21368
10031
8612
2023
28911
19536
30959
28738
9829
13462
10597
6469
6504
14759
1831
9054
21056
17913
2275
18517
2596
14904
10149
3024
10669
16873
28911
21788
2954
23374
32523
22058
22390
5769
19360
25560
2407
20483
4228
9074
30984
27151
10961
12665
30058
18891
13371
9635
18678
6983
18080
6178
14759
8426
7649
3113
22902
4625
3057
25517
15125
19704
29483
16489
24287
24542
15081
30244
27664
11620
29266
29238
2609
12343
5491
15433
28375
8686
10386
29789
29581
2358
7614
29199
18447
29484
14507
26906
5305
23562
25789
14110
8510
2822
12643
16032
21405
25975
26790
29522
6993
32058
29698
31637
7368
24148
884
2877
12567
24536
10964
23444
3564
31756
26981
25761
10692
29639
20395
15274
12382
16669
14204
15095
7023
7486
16986
22233
17303
7580
4608
17387
32148
11340
28475
21144
6070
24495
21243
9181
19346
30033
1450
6992
30715
29713
18620
12898
14126
14723
16008
4321
9549
30354
1110
3777
27407
24426
12985
795
24757
4757
14367
1142
23872
31587
16806
32326
1505
13200
9777
16306
12721
10273
1980
26522
13730
1423
7916
20953
11445
12071
25834
27079
4206
17841
3954
1538
13702
336
4903
12655
223
25257
8234
1403
26813
32583
19690
31143
5682
27966
25406
19523
15066
4623
945
26745
28361
22732
4892
28046
10946
4989
9851
15205
12969
3009
24825
10309
1083
1721
30797
17371
7677
16417
21321
19331
12914
8384
30384
13251
7057
13315
13385
27416
8822
8421
20529
14838
28504
10769
4213
25610
13755
31051
27360
28354
28903
14860
17682
12559
17560
18284
31442
4202
22007
28997
7846
3861
12489
7318
10400
4003
3303
17189
1914
29114
2030
5737
18406
27672
10039
18854
17951
18388
13834
18266
7620
24806
21518
21976
19430
4074
18436
28467
14176
24865
27317
20573
4966
15545
15913
912
20577
25678
1306
27117
3834
27056
28328
2148
18805
743
10831
7123
10049
24436
30741
14450
11981
25306
2312
30830
18845
26717
17383
32212
20124
29706
16928
19377
1716
29943
6394
14968
24476
31948
17172
2979
16625
4226
15886
24733
14217
30315
12422
6368
27396
9587
11334
23386
4515
14757
24763
20246
22110
4593
20906
18200
25904
31532
26142
25993
4534
3160
25509
31252
19448
6182
10683
8079
22407
22457
16775
23774
30920
12973
5573
19732
3215
18520
26372
4828
15855
7759
20497
6936
20049
6188
28339
29383
9156
7311
1176
13356
4500
2915
9360
20269
3870
26979
16377
12537
20706
25820
10362
3821
30682
6068
23029
22713
19211
10923
8374
5566
12121
15841
28657
12731
20895
15001
31851
31913
14079
29244
28535
25059
10103
11937
17956
6794
9909
6027
12469
24360
28461
4467
1617
23699
9064
31112
8444
28693
10655
25333
13766
28361
25992
14690
32066
31816
17520
27837
16442
13445
20362
2618
7329
11510
14471
26264
5833
4341
5222
15783
19159
23909
14478
27399
21107
32664
28186
8242
12996
23408
28532
15292
26267
31941
25637
9690
22766
30727
20203
22050
25481
15909
8716
26257
9728
26541
28139
22482
18664
15156
24025
27325
326
29432
30509
13087
26696
1476
20119
18361
31539
30484
10161
13195
22429
29306
13015
3154
2012
13888
23865
21071
29630
4431
26414
32074
18811
30799
13516
23255
29415
30224
3253
8664
27372
31529
14643
24387
1848
20703
16264
8229
2611
13128
8575
31975
4404
22192
23879
27088
13044
23611
8065
28876
25155
31180
23448
14444
26873
22822
15953
31789
3888
29265
11939
23037
17072
25920
20680
6395
21163
5808
16276
19839
5035
5203
28678
32346
32712
1070
29469
12127
10014
9023
2540
29986
1150
5988
16369
30207
2660
6264
32675
31838
31785
13503
21834
32310
26490
13444
21523
15824
21001
24832
20836
26574
28546
12926
27245
21099
29633
10685
2048
16900
21826
22678
21666
22232
5081
24030
22754
2060
22435
22670
12777
20466
31804
5665
5715
28042
23602
62
7485
24393
28858
3479
31647
31514
6562
14865
11229
18339
8583
18981
13208
31433
21064
23942
31690
16758
11706
5380
28434
13465
7838
20400
21068
8047
13776
17217
2917
31490
18369
29622
19053
17135
32294
20029
18670
1899
12786
27476
4989
24712
8578
15406
4494
9909
22296
10072
16269
5252
21387
22684
20266
13745
20797
18470
8692
18271
13132
15589
21033
28068
29965
20020
15820
25160
11702
10426
18425
202
31834
6798
17526
21412
28699
10911
16778
1744
16539
16212
9234
25483
27315
6255
18897
14681
1384
8247
9736
22601
25370
22486
3142
122
21247
25344
7554
27358
5840
30421
2919
20286
24770
12297
9711
2943
28088
5186
26419
20515
4023
17089
29058
30227
15514
6213
13232
24987
29959
18988
10160
5814
6049
15580
24421
25228
29823
6497
21430
15929
13534
26199
10721
20176
27410
10251
25361
9887
24259
19421
10802
11189
26965
25321
13316
18338
30376
28646
25966
17534
32258
19533
13334
31533
1865
26814
29998
14048
4214
27809
3729
29151
26438
30985
15886
20359
19250
4829
27395
30606
27554
30777
13870
13967
5726
25874
15297
1986
10821
2841
15284
27658
8769
16610
7263
12854
19578
11334
31560
5248
458
27654
16442
20314
29042
1200
26263
5483
21771
5319
28910
1236
8383
5150
15056
439
952
8837
7392
6650
19673
10663
5930
22088
1964
22067
30134
7257
26012
11322
9052
1652
18277
15065
7897
21554
31432
13079
17955
22660
131
26128
27642
2295
28288
28244
27584
4663
16973
2186
12170
5586
14284
24409
23671
30015
30764
20104
6465
19999
13591
24931
8977
3010
1069
4193
9368
12781
3762
517
859
17627
27011
21250
5966
29313
10575
10658
165
24855
1795
6248
4071
18131
10374
5109
29764
12024
24999
40
9256
4111
340
6281
13328
6004
32524
14312
3997
19989
7318
17217
18662
31351
20468
15331
29203
25594
2451
15569
13608
23389
10948
26473
7710
11396
16496
835
19256
23929
22022
21852
30612
24242
29881
29300
5121
4242
8937
4276
25104
16945
30686
7316
17774
3424
6076
5372
16240
13288
11187
29353
18672
25107
10871
7891
32344
31342
1264
15629
20988
20172
2866
19564
14509
27278
7599
25579
1162
21026
32427
3598
25114
23498
22513
1990
11160
1439
18629
26261
1678
27861
4121
27122
32678
19008
9988
31727
6332
6167
24431
9497
32055
17657
23314
30624
20634
6189
28319
13752
19286
11054
17724
14142
6627
7271
22583
21151
12814
24379
3829
19702
4757
19784
6956
5492
8433
23789
25938
20485
6515
8457
7510
29488
17810
30214
17293
32063
27780
23
15855
1185
12811
24253
19843
10124
22418
14736
30744
7911
4984
2620
14902
30822
29356
18378
5460
15351
30842
22305
20043
93
28836
25804
28683
13082
10165
3069
26253
6035
32146
28370
17929
16751
1618
9176
4712
3648
11599
7374
6908
25189
3709
27307
15983
11567
31227
738
11001
30786
21992
27108
28374
1598
21112
26342
27896
17567
9287
9445
2553
5346
14573
25832
9555
12522
6610
9606
13011
11937
28996
25511
2123
26338
26054
22671
13192
17303
16299
22808
27779
14622
3300
14910
30683
28402
14103
24289
3459
23431
16369
21191
6072
22389
6076
5857
24119
27609
16948
719
29100
24568
15766
24485
27501
18982
24571
8176
21864
10215
7908
22772
20059
16723
29974
24888
15939
23487
23208
14405
12054
32665
858
7082
7604
21908
22312
27971
22299
24325
22815
20155
13787
3469
28784
5712
21451
32249
18371
214
1017
23142
14029
17663
10471
10153
27173
27609
15092
494
15699
4760
4888
3230
31530
31126
19924
6535
30809
1176
23145
19255
15420
4179
2633
13992
11256
16687
13515
18467
27590
12106
17186
28510
27279
5056
14480
22248
19386
23338
2775
10950
9026
16740
24305
12895
14347
23188
32256
16789
16502
11623
5768
17717
19763
17054
7644
28305
22102
19914
26070
17003
7853
21331
15051
3861
24913
28607
7614
3543
32124
9265
28372
13201
5274
19504
7176
29857
20131
8362
10272
7
14503
27705
7648
13767
29099
21668
17277
23695
6579
23977
8789
23194
14112
2298
14044
30164
1596
14213
23770
24383
26388
12280
19412
3477
23942
28293
14279
11055
22426
8675
27165
6949
11798
31125
26329
22967
4940
10606
29205
15340
25655
18005
2478
21112
4038
24646
10046
29667
2168
32153
24138
12776
29737
23431
10941
15900
3628
6122
917
464
28569
10308
1501
27959
12776
16899
19419
16844
8127
6147
17546
23534
26633
4437
8011
16333
1864
23871
8151
28042
23340
2179
28280
16538
5220
30692
14457
24172
31412
27623
13530
30795
14152
29143
24905
25733
6472
26123
2894
21197
2220
27500
31174
8158
6994
31793
19090
3169
77
30701
22672
23313
13697
21196
15818
6685
15213
18969
17902
7117
15175
16900
25855
25193
21326
12451
1609
855
32092
14902
18330
17795
17338
25263
29871
32516
14393
30834
22253
30204
24958
7257
11602
18623
4766
2811
24746
8504
24811
2862
18438
14217
11277
9674
4458
26610
27732
2736
8902
24564
15180
18187
1831
9910
19090
12502
15407
1191
15591
11167
29635
3685
5507
10890
7683
22238
12715
5016
20351
3253
134
26665
22439
1767
27949
22208
7044
1198
12033
6663
2214
9381
29761
18707
13406
22317
6876
31976
31533
20496
27523
28480
13435
15205
2819
30344
20108
14772
5586
812
26289
26458
6631
532
12731
29486
25295
18543
18613
2148
19454
27823
11731
4018
3427
12500
7589
2994
13887
25070
144
5256
18998
20701
4223
14020
13479
18524
1750
14730
1593
9278
26280
4080
12470
28150
14121
31143
13597
8797
16998
5854
30706
1200
11315
29539
12249
8920
30053
19723
8803
28399
16194
6485
9000
4607
25398
3658
2326
23565
13000
12967
3592
30038
29643
14654
19610
13528
27865
11162
20540
16404
5629
10210
27526
22547
16816
13823
18636
30631
20999
30721
26865
9971
20010
14783
1152
10285
27656
9150
760
24995
25161
5461
31848
10492
5764
27150
31036
21441
31667
11854
25687
12572
13540
1849
25442
20703
20529
20944
2403
15303
11761
15708
6033
259
26672
25872
16487
15600
20061
11498
8439
32039
18755
26074
25729
9657
15163
32038
17988
15289
12447
15117
26004
14587
29825
21675
8237
19740
23965
21788
26311
12226
26509
8676
16362
26661
27708
7822
27908
11727
4509
13204
26041
18080
16285
15487
7546
1556
12886
8527
18265
20937
31877
7965
3099
20283
3646
1023
26255
7890
5086
25132
6687
18464
16706
32353
30629
15203
23862
32131
25728
3154
8496
5509
22502
18966
16703
17804
17019
6294
12350
22865
5155
28407
29773
15303
21525
8035
8066
23807
32562
3082
16603
12104
8340
11623
24951
32666
22633
19909
25094
11573
17666
7681
19583
1157
551
1937
28177
16713
12974
24517
19803
31732
18508
24653
20703
1619
32170
2300
10676
31601
14011
20172
22140
1720
15182
15393
21142
9816
32735
26194
17813
27885
28851
23653
18160
1628
29476
29466
2554
1021
4409
4652
1557
13312
889
26323
28451
2057
3329
8077
4670
20254
24021
5406
27305
18115
28532
1237
774
18275
4015
16402
30409
4082
3514
29957
10220
29905
15748
29880
31973
30194
17732
6736
15061
60
26964
14224
20482
24113
19011
10910
8839
7118
18726
266
14154
25010
1582
19468
17711
2947
11648
2573
2187
32142
1600
18793
27356
32173
30703
26740
21175
4974
31224
5819
12289
13169
8581
31628
6242
14866
16791
9656
2039
31048
20822
10391
6727
24013
3238
2637
20345
28544
762
26444
12740
12551
2157
28442
28454
8888
15631
7765
15193
27834
7804
23028
3587
29799
22452
20431
4397
24821
17190
16482
21494
21334
21262
5581
5512
21852
21505
27680
15436
17441
15814
28374
19802
14758
1640
12191
30772
14778
11145
23139
2739
9758
26105
27267
24897
15846
15240
17762
10057
11298
25368
24100
31724
27070
12022
18101
20214
30375
29034
21005
2576
11823
3980
11187
23095
15027
13914
2176
11628
27771
26120
21670
14509
30689
18327
753
6693
24246
169
24908
27552
2273
31124
5766
22849
20553
18869
11606
4215
1014
15879
20637
6957
9843
11763
7404
31553
27510
4714
11078
6712
14530
4914
14631
24880
11853
32381
4548
3349
31134
24256
7317
4888
30842
8898
13585
10589
28351
3060
12217
18420
21392
22272
12375
13835
31154
21156
13704
30562
5942
22721
32120
11775
28761
23983
10221
17442
10664
2516
14727
29307
1384
4469
25670
30363
4148
16075
14668
3497
232
25178
10212
1878
20414
7550
28100
1298
18615
15175
23695
14721
7485
2950
6302
15400
14598
29736
13568
17773
24123
11459
20671
26302
19674
22639
6501
4880
31065
29143
22207
2955
5772
15760
25569
1155
30408
13993
14698
5803
2121
10627
27914
20613
28881
28898
19009
31773
3218
2373
26729
27895
21582
28275
25078
27206
28349
30551
4349
2398
28975
9229
29939
3180
4978
4669
9656
6501
23286
2984
30675
23868
303
25344
13824
28504
6459
4861
5096
2373
14533
21421
15919
26282
10281
6668
11187
24955
24024
13780
5139
7791
18687
406
12143
23989
12131
22794
9071
17379
8847
18852
16775
12079
20530
12647
31353
27873
12739
16382
11035
25352
24422
3593
9818
620
2579
16053
8319
5317
24821
24463
24497
15146
26128
31386
21947
12492
30247
3742
1808
9700
2013
25028
25356
18154
26138
25184
29053
17416
27056
2574
31074
27854
30271
30464
1267
13351
15958
12182
26337
12428
4826
17455
9438
27767
16812
17216
27488
6939
18310
13219
28322
1362
22822
2353
23788
17111
1967
18322
17941
5045
1100
18260
7238
28159
18198
20795
12800
5058
7480
984
22881
17720
25168
14173
2211
25406
26905
21424
10213
5640
22344
19646
27694
19476
30899
14610
25519
9564
19896
13990
5960
7888
22749
4601
25934
4611
28596
25441
31116
23845
4866
5795
1671
18225
4639
4289
9223
29799
32160
26643
30418
32509
11572
25241
1467
2066
23756
11920
24539
21731
9471
2371
30751
19521
21164
18468
23043
26691
25057
30747
7068
28728
8187
1822
12508
3807
14607
11266
1042
6363
13449
145
30640
5985
9491
476
13649
27444
4025
27347
28154
7123
20042
7442
28576
9968
28929
3070
13291
25637
25444
24081
19514
20707
22637
14450
20199
22699
16872
26825
10700
28032
22300
24913
32262
1180
28333
15151
26872
19298
12225
13058
24211
10388
24162
21435
30933
24006
18212
17327
24720
23826
3591
26602
13165
9998
25758
20934
2864
17659
27505
10941
2622
13119
17057
4732
4444
20502
3530
9016
697
8836
28461
4165
13871
3470
15887
4837
710
17321
31836
6494
378
3699
20368
27727
27966
16033
215
15939
17472
22584
18547
22919
3695
20225
26719
24633
27963
26422
23090
21154
22683
3714
5189
20422
11605
16681
10776
17464
28794
20354
19442
31539
27695
6062
27080
17895
2483
1924
32096
11537
3230
31435
16311
24782
4967
18860
19871
23217
297
7014
32684
26131
13479
20804
31057
682
12429
7629
13127
21854
6393
7226
1326
6999
10809
31789
29303
21339
3287
5535
16001
4439
10962
31002
3074
12347
27183
20521
2985
22027
28848
8718
32258
32307
21732
20658
3225
32284
24672
25058
15970
14332
18251
26807
2904
28658
31008
9046
21349
30546
28335
8410
15490
8766
6501
911
15391
15222
22478
13153
20421
27248
4952
5268
10490
16300
27482
5813
20581
23362
4436
12240
1074
25021
14969
6115
21944
13099
19050
22675
19033
6261
6981
1310
938
23277
1758
11921
13012
31270
5452
26683
23355
29704
29864
28769
10333
21283
7697
20787
23292
30532
19443
3583
4479
19526
9609
12453
28566
25387
17313
19275
26909
8556
29344
16977
13379
31372
21957
29319
9963
26611
20402
1950
850
4858
21544
5853
30706
25923
1810
21013
22183
29515
19653
26327
18193
30018
12166
24036
30777
16922
15948
3813
5495
222
18632
31837
659
1093
7331
11227
9002
1159
10247
20084
12627
11119
9568
19824
26499
9905
13412
3908
430
13439
1105
2241
22959
24151
29557
28298
8938
22047
18420
6859
2352
10611
26054
31528
14051
16190
9727
6900
1626
21383
13139
7588
25222
25998
4057
15747
6870
19480
10255
8871
11865
25607
5919
9763
21027
3373
96
21886
14065
26978
8736
19044
21008
4564
1441
10908
11642
13983
28769
25658
835
23710
31390
31254
10291
11648
28442
29820
2485
3614
22556
18981
17135
28427
23991
21862
3379
2925
22862
10664
3990
2572
16984
23832
20958
13481
22625
6816
22178
14737
11857
4117
8364
11122
31473
3250
10146
13164
21163
25541
32742
10603
11922
26536
14778
1717
25762
4339
15272
26303
30024
9712
7201
2629
21029
30287
15972
4249
527
32539
13985
23356
18008
2797
14686
20395
9555
8800
6683
27515
32277
24772
7473
24232
2425
279
8448
8235
27751
14129
25161
12490
16213
10558
24537
52
12045
7537
8552
10317
6833
12279
26048
29383
21245
9514
31778
23794
24269
11272
19685
3541
26847
9443
21856
29309
15065
16473
6922
29845
27022
2695
23008
