95385
95261
90842
86513
85407
83896
81703
80536
79521
78768
77665
77381
77257
76989
73386
69734
69306
69286
67230
63618
62818
59469
59038
57892
57416
56795
56152
55524
51446
49954
49295.5
48585
48497.5
48289
47626.5
47072.5
46525.5
45815
45313
45117
44926
42824
42496
42280.5
41303.5
40407.5
40301
39111.5
38928.5
38924
38693
38237
37991
37969
37956
37893
37432
34688
31778.5
31101.3
30641.5
30470
29505
28625
28321
28230.5
27972.3
27403.5
26999
26536
25907
25420
24881
24613.3
24592.3
24032.5
23733
23597.3
23343
23223.8
22377.5
22329.5
22293.3
22024.7
21687.8
21639
21105.5
21005
20717.5
20437
19997
19756.7
19733.2
19541.6
19370
19369.2
19247.8
19242.2
19144.2
19084
19028.2
18941.5
18754
18671
18610
18004.5
17959.2
17925.3
17844.2
17629
17400.2
17340.5
17259.5
16843.8
16722.5
16524.8
16508.8
16473.4
16288
16223.7
16204
15885.5
15646.5
15604.5
15538
15492.5
15437
15434.3
15382.3
15326.6
15323.8
15308.8
15251
15138
15076.4
15011.2
14901.8
14817.4
14654.3
14617.5
14588.3
14585.7
14543.2
14471.5
14465.6
14461.2
14312.8
14301.5
13978.5
13929.5
13833
13794.3
13735.7
13663
13632.2
13546.8
13464
13373.2
13288.4
13203
13123.5
13032.9
12852.2
12765.2
12643.2
12635
12612
12605.3
12573
12472
12400
12379
12346
12323.4
12242.8
12141.5
11999.2
11941.3
11937.8
11832.3
11795.7
11657.8
11625.2
11527.5
11480
11474.2
11447.1
11365
11356.8
11353.4
11326.2
11319.4
11268
11072
11060
11052
11001.8
10919.1
10891.9
10883.4
10783.5
10752.5
10741.5
10710.7
10569.3
10534.3
10527.9
10526
10522.2
10485
10469.5
10369.5
10337.4
10260.6
10231.5
10215.7
10212
10145.2
10068.4
10027.9
10026.8
9919.62
9885.7
9841.67
9791.11
9745.14
9729.33
9700.6
9608
9589
9588.11
9517
9499.86
9491.6
9469.67
9438.6
9396.5
9347
9324
9276
9037.22
9035.25
9028.45
9003
8894.4
8882.17
8864.62
8837.5
8831.5
8752.25
8750.56
8742.67
8725
8688.8
8688.78
8675.2
8669
8628.25
8621
8610.25
8606.82
8506.38
8434.44
8429
8382.18
8349.3
8336.5
8325.89
8325.56
8317
8307.44
8300.8
8252
8231.17
8224.88
8187.89
8170
8147.42
8120.89
8097.67
8057.75
8006.2
7994.2
7962.44
7892
7824.83
7815.5
7800.91
7788.62
7774.38
7698.5
7683.36
7656.67
7594.62
7559.83
7542.57
7534.73
7518
7499.3
7474.71
7467.42
7461.82
7455.83
7454.38
7450.43
7437.42
7433.38
7415.56
7388.18
7387.09
7380
7361
7360.88
7268.75
7264
7262
7203.89
7091.79
7091.18
7049.86
7004.3
6954.23
6946.6
6923.56
6905.62
6895.82
6885.88
6839.14
6827.5
6822.5
6792.62
6784
6762.2
6756.31
6752.1
6726.67
6655.25
6643.67
6621.25
6617.27
6602.42
6600.64
6562.33
6545
6540.71
6517.57
6494.4
6492.8
6480.31
6476
6465.6
6463.33
6449.75
6427.33
6375.91
6375.2
6364.17
6362.87
6358
6353.38
6340.7
6335.27
6303.15
6292.83
6292.38
6235.54
6204
6196.83
6194.2
6187.11
6174.54
6162
6148.25
6139.25
6128.43
6121.5
6116
6108.8
6098.7
6095.36
6082.33
6076.86
6041.29
6033.93
6012.2
6010.87
5998.44
5970.33
5969.62
5953.14
5933.69
5925.75
5919.89
5894.69
5875.73
5861.2
5861
5859.57
5827.57
5821.8
5794.82
5772.3
5755.18
5752.75
5751.83
5717.58
5714.38
5699.69
5697.8
5692.43
5691.62
5689.21
5659.71
5656.4
5641.58
5629
5621.58
5616.18
5596.18
5594.65
5587.08
5578.8
5526.88
5520.11
5479.43
5477.07
5462.75
5421.92
5421.33
5421.29
5420.67
5410.43
5405.56
5403.25
5397.73
5381.53
5376.12
5371.27
5369.6
5360.46
5345.06
5336.22
5333.12
5322.64
5309.54
5304.92
5300.65
5297.94
5281.12
5280.71
5274.5
5272.12
5251.27
5228.08
5226
5206
5200
5195.18
5176.38
5169
5144.07
5116.35
5092.22
5086
5085.4
5074.79
5064.27
5058.33
5048.36
5045.45
5043
5020.46
5013.68
5006.78
5004.75
5002
4982
4979.12
4972.22
4962
4948.5
4948.31
4935.7
4914.89
4904.62
4901.67
4883.17
4874.95
4872.29
4870.28
4865.84
4845.73
4835.25
4813.45
4813
4802.26
4790.27
4789.25
4788.6
4782.71
4774.22
4768.25
4763
4736.46
4730.85
4711.55
4709.21
4705.7
4704.31
4703.06
4695.52
4690.95
4686.77
4677.09
4670.5
4669.62
4665.8
4662.8
4660.89
4646.15
4630.76
4624.71
4605.9
4601.1
4585.25
4584.42
4575.48
4561.1
4558.83
4555
4548.86
4527.43
4523.75
4519.5
4509.05
4504.81
4501.83
4494.2
4493.43
4481
4467.23
4467.05
4462.44
4453.2
4450.78
4440.37
4438
4412
4410.35
4398
4390.29
4388.58
4362.95
4341
4331.37
4330.2
4329.92
4321.91
4317.32
4307.06
4305.86
4288.5
4281.55
4279.53
4279.17
4265.38
4249.29
4247.86
4218.72
4211.7
4208.36
4207.91
4200.14
4199.14
4193.88
4187.53
4179.71
4174.58
4170.8
4169.24
4165.46
4160.5
4152.82
4143.88
4143.79
4140.18
4138.75
4138.5
4133.25
4124.92
4116.78
4112
4107.2
4104.35
4086.3
4085.33
4078.88
4048.07
4024.08
4018.17
4010.8
4004.7
3997
3993.35
3987.38
3979.25
3967.16
3963.77
3951.08
3950.83
3931.08
3929.15
3922.55
3888.69
3877.84
3869.88
3867.68
3857.44
3856.96
3849.71
3849.45
3826.83
3817.27
3790.75
3790.17
3780.26
3771.43
3770.27
3767.12
3766.26
3766.25
3765.88
3759.04
3758.7
3750.17
3743.8
3743.6
3740.44
3734.69
3733.27
3723.67
3722.73
3722.08
3715.36
3704.44
3702.88
3695.72
3694.23
3684.41
3679.78
3674.5
3673.78
3663.52
3660.93
3659.46
3658.31
3657.12
3655.65
3655.05
3646.43
3636.8
3636.1
3635.33
3634.82
3633.58
3631.62
3628.84
3623.38
3618.5
3615.68
3612.3
3607.74
3584.16
3582.82
3580.95
3576.62
3572.39
3565.05
3564.11
3538.44
3534.48
3530.11
3526.36
3523.47
3523.24
3523
3517.56
3510.25
3508.57
3507.67
3504.12
3503.29
3498.22
3478.25
3477.39
3472
3470.37
3460.89
3457.45
3453.39
3442.75
3440.5
3435.68
3433
3424.35
3421.55
3414.32
3399.08
3396.55
3393.83
3393.43
3392.81
3391.48
3390
3382.33
3379.96
3378.54
3368.17
3363.12
3359.07
3333.13
3332.4
3330.85
3323.7
3309.29
3308.83
3308.29
3307.83
3306.91
3305.92
3302.64
3296.9
3286.15
3281.83
3280.97
3279.82
3278.73
3274.79
3272.83
3259.88
3258.36
3256.58
3244.2
3238.93
3237.97
3234.21
3232.95
3232.05
3226.53
3222.26
3220.41
3212.82
3209
3207.79
3207.54
3204.36
3195.97
3190.12
3182.53
3180.5
3174.35
3172.43
3169.37
3166.2
3164.63
3163.5
3153.29
3151.61
3147.33
3144.35
3140.58
3129.83
3117.77
3111.31
3108.25
3103.32
3103.3
3094.26
3092.75
3090.44
3087.96
3087.19
3083.27
3079.48
3072.92
3068.29
3066.93
3064.06
3053
3052.19
3052.07
3049.92
3045.33
3045.04
3040.03
3035.5
3030.64
3024.81
3023.25
3023.17
3019.7
3019.7
3002.21
3001.5
3000.86
2994.14
2987.72
2986.35
2975.81
2971.07
2962.04
2959.7
2958.08
2949.38
2947.13
2945.78
2932.71
2931.08
2930.74
2927.35
2922.81
2921.07
2920.8
2920.16
2917.96
2914.8
2907.7
2907.5
2906.56
2894.92
2889.35
2886.96
2886.06
2850.32
2849.9
2842.89
2841.06
2837.32
2836
2832.39
2828.82
2820.95
2819.93
2816.17
2815.75
2812
2810.83
2810.75
2810.25
2809.68
2801.16
2798.62
2797.21
2794.17
2793.86
2793.18
2791.79
2790.82
2785.56
2782.91
2782.06
2781.3
2777.26
2767.58
2766.69
2763.33
2756.9
2751.81
2751.51
2751.47
2748.89
2745.75
2741.12
2740.44
2737.08
2734.25
2733.31
2728.39
2724.4
2720.83
2711
2706.74
2701.5
2696.86
2694.64
2693.46
2688.76
2677.59
2675.43
2675.35
2670.32
2670.29
2669.48
2668.88
2667.14
2665.68
2664.95
2664.14
2662.45
2656.83
2653.43
2652.56
2651.31
2651
2649.88
2644.89
2641.46
2637.06
2636.53
2632.67
2630.59
2628.54
2626.88
2617.08
2613
2611.28
2603.7
2600.81
2600.69
2599.82
2599.53
2597.16
2595.5
2591.19
2590.09
2586.75
2585.93
2584.96
2583.38
2578.83
2577.74
2576.61
2575.62
2574.81
2574.53
2572.09
2571
2570.35
2569.1
2568.79
2562.26
2561.79
2558.55
2558.31
2550.72
2549.53
2548.94
2546.03
2541.58
2540.11
2538.37
2533.26
2528.65
2527.12
2526.53
2525.96
2522.1
2521.81
2521.7
2519.96
2516.13
2505.79
2503.45
2502.22
2499.2
2498.7
2497.48
2496.14
2492.8
2489.06
2485.29
2484.6
2484.37
2478.78
2475.67
2468.66
2467.06
2466.96
2466.26
2462.14
2461.66
2460.2
2459.78
2454.49
2454.08
2450.67
2449.03
2448.81
2448.8
2445.12
2443.86
2443.5
2439.85
2432.11
2431.05
2426.53
2421.39
2420.6
2419.41
2416.8
2416.11
2413.2
2411.8
2411.14
2410.75
2405.75
2402
2401.63
2401.05
2399.8
2399.31
2398.52
2395.44
2393.46
2392.05
2388.07
2387.93
2383.3
2377.2
2376.79
2375.1
2370.35
2367.21
2365.89
2363.31
2359.47
2353.84
2351.35
2351.2
2351.05
2345.75
2343.9
2341.27
2338.45
2335.73
2333.25
2331.75
2326.58
2324.91
2323.5
2323.32
2321.55
2319.05
2317.66
2317.59
2317.48
2316.79
2316.26
2316.07
2313.64
2311.17
2309.87
2309.28
2307.35
2305.97
2305.64
2302.74
2301.95
2301.28
2298.77
2297.61
2295.47
2295.13
2294.38
2292.57
2292.05
2291.18
2290.91
2290.44
2289.73
2289.57
2288.98
2288.04
2287
2285.81
2284.25
2282.97
2278.37
2277
2276.79
2276.33
2267.34
2267.15
2266.3
2265.61
2265.27
2264.69
2261.47
2259.59
2258.98
2258
2256.03
2255
2251.1
2250.64
2250.47
2248.74
2244.25
2242.56
2241.88
2239.91
2237.95
2235.98
2230.97
2230
2227.2
2227.13
2222.08
2222
2219.33
2217.41
2217.21
2212
2211.48
2210.37
2201.04
2198.38
2196.91
2196.68
2195.58
2194.64
2191.14
2190.59
2188
2181.44
2178.3
2174.86
2172.47
2171.58
2170.86
2161.58
2161.47
2159.19
2157.82
2154.67
2152.05
2150.83
2149.68
2148.31
2146.96
2145.33
2139.21
2138.85
2137.48
2129.92
2126.59
2126.44
2124
2123.67
2119.08
2118.3
2117.65
2116.28
2115.38
2114.91
2113.52
2113.06
2111.4
2108.86
2107.62
2106.51
2099.03
2098.85
2097.83
2093.13
2092.84
2090.35
2090.26
2089.79
2088.55
2085.84
2084.53
2077.87
2072.96
2064.97
2062.69
2061.85
2059.43
2058.08
2057.31
2056.07
2052.59
2052.11
2051.62
2047.76
2046.62
2045.39
2045.38
2043.5
2038.79
2031.91
2031.1
2024.92
2023.06
2014.75
2009.79
2009.71
2008.98
2008.39
2008.12
2006.15
2005.89
2003
2000.82
2000.12
1999.16
1999
1997.38
1995.66
1993.26
1992.12
1987.86
1986.2
1985.91
1985.83
1981.79
1979.36
1979.23
1977.57
1976.61
1975.06
1971.6
1971.39
1969.67
1967.96
1967.89
1967.58
1965.83
1962.03
1960.15
1958.38
1957.79
1956.64
1954.11
1952.04
1951.85
1950.26
1950.13
1949.3
1943.95
1943.67
1943.67
1940.58
1940.53
1940.33
1940.15
1939
1936.47
1935.3
1933.31
1924.12
1924.05
1923.85
1922.27
1920.17
1919.73
1914.57
1913.31
1912.23
1908.54
1907.62
1906.73
1905.37
1904.97
1904
1895.7
1894.8
1894.76
1892.53
1892.32
1891.69
1891.09
1889.55
1887.86
1883
1880.56
1878.92
1878.47
1878
1875.3
1874.21
1873.35
1869.5
1868.3
1865.35
1865.06
1862.35
1858.32
1858.3
1857.3
1855.84
1852.87
1852.19
1850.43
1847.13
1844.92
1844.12
1842.86
1842.76
1842.46
1840.28
1837.96
1837.22
1834.28
1833.87
1832.37
1831.86
1830.83
1829.61
1829.48
1829.12
1824.13
1823.43
1821.49
1821.44
1820.26
1817.62
1817.33
1815.69
1814.7
1814
1810.06
1810
1809.31
1808.33
1804.69
1803.67
1803.55
1802.29
1799.23
1798.74
1793.85
1792.47
1786.32
1784.15
1783.42
1782.14
1780.86
1780.1
1773.33
1772.93
1771.63
1771.33
1771.08
1768.37
1765.89
1765.58
1765.54
1763.15
1762.96
1762.32
1762.14
1761.96
1761.61
1761.21
1759.23
1758.62
1758.55
1754.81
1754.55
1754.45
1753.15
1752.77
1752.61
1752.58
1751.68
1750.8
1748.38
1747.74
1745.59
1744.38
1744.04
1743.73
1742.64
1738.64
1736.77
1735.65
1732.68
1732.38
1731.17
1729.76
1729.67
1729.25
1727.44
1726.94
1725.65
1724.72
1724.08
1721.47
1719.96
1719.12
1718
1718
1717.72
1717.6
1716.09
1713.92
1713.42
1711.64
1709.66
1709.62
1707.95
1706.54
1705.94
1704.98
1704
1701.42
1699.78
1697.69
1695.41
1695.07
1694.51
1692.45
1692.06
1691.38
1690.5
1690.18
1688.32
1685.8
1684.16
1683.78
1682.32
1682
1681.41
1679.66
1679.14
1678.8
1675.6
1675.57
1675.53
1675.39
1673
1669.67
1666.95
1665.67
1665.49
1664
1663.94
1662.02
1662
1661.63
1659.45
1658.45
1655.79
1654.83
1654.39
1653.41
1653.06
1652.15
1651.59
1651.56
1651.06
1649.52
1647.96
1647.95
1647.57
1647.17
1646.63
1642.44
1639.53
1633.97
1633.55
1632.36
1631.61
1631.15
1630.5
1629.27
1628.82
1625.75
1624.2
1622.57
1621.57
1619.68
1619.27
1618.98
1618.49
1618.3
1617.27
1617.16
1616.88
1616.03
1613.83
1613.22
1613.13
1612.68
1611.95
1611.39
1610.75
1610.28
1609.68
1609.67
1608.94
1608.47
1607.79
1607.02
1606.28
1606.09
1605.72
1605.71
1604.91
1604.9
1603.82
1602.08
1601.98
1600.46
1600.2
1600
1599.74
1599.39
1598.19
1597.33
1596.15
1595.56
1593.81
1593.39
1593.19
1591.21
1589.15
1588.92
1588.36
1586.4
1586.08
1585.5
1585.11
1584.64
1583.63
1581.44
1580.07
1578.12
1576.9
1576.87
1573
1571.33
1571.25
1567.96
1566.27
1564.75
1563.31
1562.76
1561.79
1561.19
1560.65
1560.35
1559.7
1557.86
1557
1556.09
1555.89
1554.3
1553.52
1553.16
1550.94
1550.89
1550.69
1549.62
1546.07
1545.98
1543.52
1543.5
1543.04
1542.4
1541.76
1540.85
1540.06
1538.44
1538.06
1536.6
1536.39
1535.06
1534.6
1533.87
1533.55
1533.25
1532.41
1532
1531.52
1530.73
1530.61
1529.89
1528.66
1527.98
1527.9
1527.33
1526.88
1526.23
1525.89
1524.92
1524.87
1523.07
1521.64
1521.38
1520.91
1519.94
1519.1
1518.08
1517.83
1517.81
1517.45
1516.18
1516.14
1514.11
1513.95
1513.29
1512.96
1512.76
1511.8
1510.92
1510.35
1510.08
1508.13
1508.02
1507.69
1504.48
1504.2
1504.02
1503
1502.88
1502.02
1501.42
1501.39
1500.33
1499.95
1498.23
1497.57
1497.11
1494.2
1493.25
1492.88
1492.54
1491.16
1490.89
1487.71
1487.05
1486.85
1485.47
1483.92
1483.88
1483.78
1483.47
1483.43
1482.67
1482.64
1482.6
1481.84
1480.83
1480.4
1478.03
1477.89
1477.84
1477.29
1476.84
1476.58
1476.58
1475.62
1475.08
1474.58
1474.37
1474.3
1473.42
1473.35
1470.75
1470.69
1469.97
1469.83
1469.45
1469.16
1468.38
1467.29
1465.34
1465.11
1464.12
1463.98
1463.21
1463.08
1463
1461.42
1461
1460.97
1459.17
1459.08
1458.83
1458.65
1458.23
1456.73
1456.13
1455.23
1453.2
1452.89
1452.58
1452.4
1452.16
1451.61
1451.37
1450.02
1448.04
1446.15
1445.92
1445.64
1445.43
1444.33
1442.22
1441.05
1440.46
1439.54
1439.02
1437.81
1437.63
1437.48
1436.71
1435.39
1434.51
1433.21
1433.19
1432.54
1432.38
1431.52
1430.89
1430.5
1429.5
1428.56
1428.47
1428.4
1427.89
1426.29
1425.07
1424.96
1423
1422.4
1421.63
1420.8
1420.25
1420.03
1418.73
1418.67
1416
1413.87
1412.87
1412.45
1412.37
1411.87
1411.58
1410.98
1410.97
1410.5
1409.4
1409.36
1409.08
1409
1407.24
1406.15
1405.68
1405
1403.93
1403.9
1402.5
1401.95
1401.49
1400.87
1400.76
1400.71
1400.69
1400.49
1400.13
1399.85
1399.54
1398.21
1398.16
1397.15
1396.54
1395.81
1395.62
1394.38
1394
1393.86
1393.75
1393.75
1393.26
1393
1392.94
1391.85
1389.91
1389.43
1388.88
1388.26
1387.39
1384.22
1383.67
1382.5
1381.69
1380.43
1380.42
1379.52
1377.88
1377.74
1377.53
1376.95
1375.86
1374.48
1373.21
1370.98
1369.95
1368.03
1366.65
1361.66
1361.31
1361.23
1360.94
1360.49
1359.93
1358.69
1358.31
1358.02
1356.86
1356.6
1355.97
1353.79
1353.09
1352.88
1351.85
1351.16
1349.28
1348.38
1347.96
1346.93
1346.61
1346.14
1345.7
1344.33
1342.59
1341.86
1341.3
1340.48
1339.47
1338.72
1335.81
1335.52
1332.81
1332.63
1331.44
1331.11
1329.33
1328.91
1328.63
1327.85
1327.31
1327.15
1326.73
1325.6
1324.98
1324.78
1324.16
1324.05
1323.87
1323.8
1322.57
1322.46
1321.45
1320.86
1319.83
1319.79
1319.65
1319.27
1318.2
1317.58
1317.57
1316.98
1316.27
1316.17
1316.04
1315.43
1314.11
1313.57
1313.32
1312.85
1311.67
1310.72
1310.71
1309.52
1309.32
1308.96
1308.28
1307.19
1306.42
1306
1304.94
1304.57
1304.45
1303.18
1303.07
1301.4
1300.74
1299.71
1299.3
1299.25
1298.58
1298.49
1298.35
1297.94
1296.71
1296.43
1296.27
1296.17
1295.72
1295.58
1294.91
1294.67
1294.49
1294.06
1293.98
1293.88
1293.85
1293.68
1293.6
1293.37
1293.31
1293.04
1292.02
1291.52
1291.13
1290.75
1289.94
1289.33
1288.73
1288.7
1288.5
1288.14
1288.08
1287.92
1287.8
1286.41
1285.39
1285
1283.78
1283.51
1281.87
1281.64
1281.39
1279.81
1278.17
1277.5
1277.31
1277.16
1275.84
1275.53
1272.64
1270.47
1269.52
1269.34
1267.1
1265.51
1265.2
1265.11
1265.08
1264.79
1263.75
1263.06
1262.14
1261.62
1261.42
1260.67
1259.8
1259.62
1257.76
1257.46
1257.14
1256.58
1256.42
1255.72
1255.41
1254.95
1254.43
1253.24
1253.17
1251.5
1251.17
1251.03
1250.85
1248.33
1247.55
1247.1
1246.95
1246.77
1246.26
1245.93
1245.91
1245.47
1245.34
1245.11
1244.73
1244.26
1242.71
1240.68
1240.1
1240
1239.71
1239.35
1237.3
1236.59
1236.56
1236.36
1235.98
1235.68
1234.55
1234.44
1234.04
1233.71
1233.35
1230.75
1229.8
1229.61
1229.49
1229.38
1229.37
1228.05
1227.85
1227.08
1226.68
1226.66
1226.42
1226.06
1226
1225.73
1225.27
1224.38
1224.26
1223.89
1223.78
1223.12
1222.73
1222.6
1221.82
1221.77
1221.39
1220.07
1220.07
1219.66
1218.88
1218.54
1218.43
1217.72
1216.39
1216.21
1216.15
1215.91
1215.33
1214.08
1213.33
1213.01
1212.14
1212.09
1211.97
1211.55
1211.25
1211.04
1210.83
1210.5
1210.49
1210.15
1209.21
1208.9
1208.33
1207.46
1207.17
1207.14
1206.21
1205.72
1204.5
1204.23
1203.27
1203.17
1203.15
1202.96
1202.95
1201.49
1200.62
1200.6
1199.89
1199.08
1197.97
1197.58
1197.2
1196.22
1195.9
1195.62
1195.26
1194.87
1193.29
1192.38
1191.63
1190.34
1190.22
1190.2
1189.48
1189.27
1189
1188.76
1187.61
1187.57
1187.25
1186.75
1186.62
1186.43
1184.69
1184.14
1184.08
1182.68
1181.81
1181.17
1180.96
1180.51
1180.44
1179.67
1179.41
1179.4
1179.32
1179.2
1178.74
1177.83
1177.55
1176.65
1175.32
1174.75
1174.71
1174.55
1174.25
1172.67
1172.1
1170.92
1170.8
1169.81
1168.66
1168
1167.15
1166.94
1166.22
1165.53
1165.05
1164.89
1164.67
1163.21
1162.33
1161.58
1161.4
1160.74
1160.18
1159.51
1159.33
1159.09
1158.81
1158.58
1158.12
1157.93
1157.11
1155.41
1154.97
1154.8
1153.93
1152.67
1152.62
1152.32
1152.07
1150.32
1150.26
1150.19
1150.09
1149.68
1148.62
1148.26
1147.07
1144.45
1144.02
1143.9
1142.27
1140.68
1140.06
1139.85
1139.21
1139
1138.66
1138.49
1138.36
1138.05
1137.68
1137.42
1136.82
1136.4
1135.99
1135.93
1135.87
1135.43
1135.33
1134.9
1134.23
1133.65
1133.34
1132.76
1132.46
1131.92
1131.6
1131.06
1131.01
1130.98
1130.86
1130.81
1130.36
1130.35
1130
1129.97
1129.82
1129.4
1128.25
1127.96
1127.78
1126.79
1126.47
1125.58
1125.26
1125.03
1124.55
1123.78
1123.65
1123.02
1122.95
1122.8
1122.61
1121.32
1120.88
1120.84
1120.35
1120.23
1120.12
1120.09
1119.83
1119.44
1119.4
1119.25
1117.72
1117.31
1117.19
1117.18
1117.14
1116.82
1116.53
1116.4
1115.76
1114.18
1113.54
1113.49
1113.45
1113.25
1112.47
1112.45
1112.44
1111.64
1111.2
1111.16
1110.69
1110.43
1109.75
1109.01
1108.04
1107.69
1107.41
1107.28
1106.78
1106.14
1105.94
1105.41
1104.98
1104.57
1104.44
1104.22
1103.9
1103.87
1103.69
1103.43
1103.28
1102.92
1102.42
1102.26
1102.25
1101.87
1101.7
1101.31
1100.86
1099.98
1099.52
1099.39
1098.98
1098.54
1098.53
1098
1096.3
1095.58
1095.47
1095.45
1092.3
1092.3
1092.29
1091.75
1091.13
1090.83
1090.31
1089.53
1088.87
1088.86
1088.79
1088.36
1087.59
1087.58
1087.51
1086.43
1085.59
1084.23
1083.5
1083.25
1083.11
1082.69
1081.95
1081.83
1081.27
1080.98
1080.84
1080.84
1080.32
1080.11
1078.75
1078.18
1078.06
1078.05
1077.33
1077.09
1076.84
1076.43
1076.41
1076.21
1076.17
1076.13
1076.05
1075.23
1074.66
1074.51
1074.39
1074.18
1073.58
1073.33
1073.09
1072.98
1072.57
1072.26
1071.95
1071.65
1071.07
1070.96
1070.8
1070.43
1069.75
1067.93
1067.56
1067.45
1067.41
1066.85
1066.66
1066.52
1066.1
1066.03
1065.37
1064.29
1063.99
1063.98
1062.96
1062.72
1062.64
1061.13
1060.6
1059.62
1059.37
1059.1
1059.07
1058.77
1058.51
1058.43
1058.29
1058.27
1058
1057.18
1056.32
1055.82
1054.74
1053.12
1053.08
1052.74
1052.48
1052.13
1050.26
1049.96
1049.72
1047.6
1047.41
1046.94
1046.22
1046.14
1045.95
1044.77
1044.18
1043.67
1042.99
1041.58
1040.75
1040.62
1040.08
1039.86
1038.08
1038.05
1037.68
1037.56
1037.36
1037.13
1036.49
1036.28
1035.75
1035.67
1035.27
1035.01
1034.67
1034.45
1033.89
1033.5
1033.07
1032.46
1032.44
1031.9
1031.3
1030.38
1029.74
1029.34
1029.04
1028.87
1028.17
1027.96
1027.7
1027.62
1027.47
1027.39
1026.31
1025.56
1025.4
1025
1024.73
1024.62
1024.1
1023.99
1023.49
1022.96
1022.91
1022.58
1022.52
1022.44
1022.19
1022.16
1021.7
1021.38
1021.12
1020.8
1020.65
1020.62
1020.6
1020.28
1019.83
1018.96
1018.83
1018.8
1018.56
1018.2
1017.44
1017.1
1016.39
1015.57
1015.38
1014.95
1014.79
1014.59
1014.49
1014.15
1014.15
1013.5
1012.92
1012.45
1012.15
1011.44
1010.73
1010.19
1009.67
1009.66
1009.66
1009.21
1009.2
1009.15
1009.11
1008.87
1008.54
1008.35
1006.95
1006.67
1006.62
1006.52
1005.05
1004.95
1004.23
1003.85
1003.57
1003
1002.58
1002.23
1002.21
1002.18
1002
1001.71
1001.7
1001.51
999.69
999.231
998.022
998.017
997.887
997.684
996.929
996.833
996.81
996.541
995.727
995.467
995.247
994.907
994.696
994.616
994.292
994.156
994.031
993.884
993.147
992.988
992.485
991.643
990.857
990.395
990.229
989.364
989.17
988.729
988.656
988.5
988.465
988.373
988.3
988
987.909
987.652
987.5
987.211
987.04
986.649
985.806
985.574
984.841
984.734
984.655
984.62
984.042
984
983.321
983.036
982.867
982.38
980.763
980.143
979.575
979.527
978.932
978.518
978.268
978.05
978
977.29
976.778
976.656
976.583
976.39
976.224
974.678
973.438
972.907
972.806
972.643
972.148
970.812
970.632
970.558
970.063
969.921
967.667
967.458
966.225
966.103
965.987
965.286
964.613
964.609
964.484
963.55
963.276
963.098
962.786
961.921
961.55
960.882
960.723
960.641
960.211
960.1
960.058
959.975
959.565
958.874
958.789
958.573
958.182
957.775
957.5
957.011
955.081
953.756
953.459
953.232
952.8
952.63
952.405
952.078
951.702
950.771
950.43
949.839
949.588
948.99
948.414
948.221
947.924
947.781
947.476
946.879
946.576
946.413
946.379
946.216
945.455
945.151
945.095
943.333
943.297
943.061
942.779
942.531
942.439
941.505
941.458
941.415
941.37
941.114
940.912
940.456
938.415
938.114
937.723
936.143
936.069
935.827
935.61
935.167
934.714
934.079
933.14
932.524
932.342
931.798
931.78
931.532
930.467
930.021
929.737
928.712
928.697
928.629
928.615
927.809
927.725
927.546
927.272
926.638
926.5
926.404
925.662
925.569
925.564
925.517
925.51
925.055
924.226
923.875
923.84
923.565
923.55
923.491
923.133
922.839
922.165
921.385
920.853
920.515
920.471
920.173
919.86
918.941
918.863
918.793
917.987
917.081
916.968
916.717
916
915.942
914.974
914.74
914.606
914.247
913.726
912.667
912.561
912.439
912.337
911.759
911.553
911
910.889
910.576
910.228
909.475
909.238
908.042
907.632
907.296
907.013
906.01
905.508
905.31
904.909
904.805
904.343
903.764
903.722
903.531
903.429
902.784
902.753
902.565
900.362
900.31
900.205
899.83
899.702
899.514
899.08
898.583
898.367
897.636
897.584
897.484
897.292
897.236
897.141
896.961
896.688
896.643
895.776
895.077
894.895
894.585
894.353
894.229
893.433
893.078
892.2
892.17
891.568
891.333
891.026
891
890.923
890.912
890.155
889.827
889.551
889.209
888.484
888.41
887.831
887.81
887.287
886.68
886.478
886.429
886.424
885.681
885.393
884.261
884.031
883.218
882.882
881.55
881.14
880.221
879.724
879.5
878.8
878.796
878.573
878.065
877.928
877.256
876.178
876.124
876.111
875.26
874.69
874.253
874.094
873.476
873.286
871.417
871.123
870.65
870.568
870.092
870.083
869.016
868.885
868.013
867.947
866.424
865.969
865.409
865.391
865.31
865.2
864.954
864.645
863.92
863.293
862.855
862.811
862.792
862.461
862.138
861.979
861.576
861.57
861.233
861.127
861.063
860.558
859.033
858.833
858.638
858.271
858.188
856.787
856.571
856.548
854.354
854.256
853.708
853.654
852.282
852.203
852.186
851.824
851.615
851.59
851.536
850.9
850.634
849.968
849.786
849.573
849.542
849.531
848.571
848.56
848.39
848.055
847.772
847.242
846.482
846.081
845.857
845.378
845.172
844.79
843.865
843.303
843.182
842.796
842.69
841.771
841.526
841.381
841.263
840.125
838.182
838.077
837.955
837.295
836.571
836.373
835.7
834.872
834.144
834.125
834.085
833.8
833.773
833.136
832.778
832.375
831.495
830.603
830.311
830.043
829.654
828.359
827.952
827.697
827.5
826.99
826.791
826.365
825.842
825.841
825.143
824.864
824.165
823.622
823.078
821.711
821.542
820.169
819.64
819.536
819.398
818.333
818.32
817.444
817.351
817.254
817.167
816.754
816.578
816.19
815.804
815.697
815.337
813.732
813.082
813.079
811.484
811.062
810.901
810.821
809.825
809.674
809.462
809.144
809.067
808.733
808.266
807.873
807.232
806.697
805.5
805.484
805.214
804.907
804.906
804.573
804.059
803.531
801.8
801.222
801.089
800.977
800.113
799.957
799.905
799.297
799.218
799.042
798.794
798.731
798.591
798.25
798.233
798
797.649
797.427
797.17
797.161
796.77
796.645
795.144
794.323
793.253
792.962
792.64
792.477
792.406
791.702
791.232
790.164
790.081
789.954
788.608
788.5
788.197
787.976
787.391
786.694
786.571
785.534
785.516
785.195
784.724
784.541
784.495
784
783.747
782.618
782.242
782.083
782.01
781.832
781.682
781.522
781.415
780.814
780.571
779.061
778.929
778.513
778.242
778.01
778
777.133
776.444
776.261
776.1
774.867
774.5
774.263
774.104
773.818
773.52
772.74
771.701
771.687
771.333
771.19
771.077
771.062
770.947
770.707
770.469
768.938
768.629
768.094
767.867
766.897
766.538
766.324
766.162
765.909
765.39
765.151
765.132
764.966
764.732
764.429
763.323
763.217
762.534
762.3
762.235
761.979
761.824
761.812
761.091
760.327
760.102
759.873
759.864
759.6
759.094
758.316
757.588
756.339
755.161
754.944
754.849
754.52
754.2
754.062
753.969
753.966
753.656
752.975
752.574
751.695
751.56
751.312
750.928
750.914
750.17
750.094
749.618
748.458
747.703
747.556
746.968
746.646
746.581
746.476
746.14
745.975
745.945
743.84
743.651
743.364
743.145
742.667
742.463
742.267
741.451
741.212
741.208
740.208
739.978
739.641
739.528
739.154
738.8
738.707
738.056
737.243
737.132
736.282
736.239
736.09
736.051
735.964
734.654
733.704
732.598
731.526
730.926
730.483
730.468
730.375
730.321
729.968
729.815
729.793
729.478
729.103
728.93
728.879
728.753
728
727.586
727.548
727.153
726.569
726.56
725.625
725.417
724.851
724.778
724.622
724.603
724.544
724.034
723.962
723.402
722.629
722.545
722.032
721.28
721.129
720.874
720.391
720.289
719.944
719.162
717.543
716.887
716.702
715.75
715.65
715.211
714.25
714.185
712.973
712.707
712.591
712.265
711.987
711.203
711.065
710.892
710.87
709.681
709.541
709.281
709.181
709.019
708.924
708
707.902
707.893
707.796
707.476
707.25
706.846
706.691
706.323
706.317
706.188
705.908
705.25
705.079
704.841
704.309
703.57
703.012
702.507
701.941
701.42
701.417
701.268
700.753
700.717
700.024
699.133
699.062
699
698.065
695.882
695.728
695.674
695.113
695.087
693.976
693.63
693.433
693.267
693.119
693.113
692.872
692.846
692.769
692.67
692.519
692.292
692.117
691.82
691.657
691.6
691.574
691.271
691.134
689.314
689.069
688.957
687.75
687.633
687.356
686.763
686.636
685.84
685.269
684.609
684.597
684.465
684.424
684.306
683.5
683
681.81
681.568
680.909
679.211
679.184
679.076
678.299
678.137
677.73
677.549
677.354
677.107
676.765
676.393
675.164
674.897
674.787
674.655
673.655
673.458
673.257
672.646
672.244
672.021
671.75
671.177
670.426
670.031
669.542
669.309
668.909
668.797
668.194
668.068
667.53
666.447
665.944
665.8
665.408
665.082
664.742
664.457
664.333
663.812
663.662
663.157
662.717
662.663
662.393
662.078
662.075
661.802
661.133
660.485
660.231
659.036
658.713
658.688
658.617
658.012
657.012
656.754
655.56
655.222
655.18
653.6
652.923
652.35
652.031
651.711
650.667
650.452
650.077
649.948
649.827
649.578
648.614
647.983
647.842
647.487
647.312
647.226
647.19
647.05
646.765
646.382
646.048
646.032
645.8
645.775
645.465
644.408
643.833
643.727
643.566
643.513
643.49
643.033
642.67
642.61
641.833
641.784
641.178
641.143
640.95
640.667
640.609
640.204
638.935
638.078
637.738
636.986
636.505
635.829
635.368
634.843
634.114
633.291
632.822
632.787
632.6
632.561
632.532
632.529
632.18
631.854
631.713
631.533
631.487
630.944
630.363
630.188
629.741
629.732
629.208
629.169
628.769
627.849
627.654
627.088
626.373
626.272
626.192
626.122
625.632
624.987
624.955
624.732
624.549
623.968
623.378
623
622.243
622.222
622.151
621.972
621.389
621.198
620.924
619.892
619.549
619.462
618.759
618.619
617.815
617.378
616.329
616.2
616.034
615.342
614.788
614.477
614.345
612.925
612.31
611.6
610.95
610.72
610.573
609.471
608.721
608.531
608.333
608.214
607.603
607.132
606.61
606.598
606.309
606.298
606.235
606
605.432
605
604.789
604.731
604.316
604.286
604.194
604.08
603.612
603.559
603.388
603.207
603
602.99
602.731
601.82
601.473
601.189
601.1
600.417
599.875
599.607
598.212
597.886
597.667
597.148
595.484
595.463
595.17
595.082
594.721
594.049
593.441
592.884
592.205
591.575
591.461
590.7
590.571
590.269
590.019
589.288
589.108
588.16
588
588
587.432
587.167
586.933
586.584
586.57
585.566
585.297
585.23
584.556
583.612
583.42
583.382
583.221
583.091
582.93
582.83
581.969
581.723
581.696
581.521
580.811
580.554
580.408
580.365
580.101
579.323
579.32
579.205
578.829
578.546
578.131
577.798
576.936
576.4
575.487
575.294
574.395
573.667
573.438
572.024
571.558
571.436
571.375
570.434
570.261
568.258
567.872
567.841
567.553
567.317
566.659
566.512
566.292
564.727
564.513
563.71
563.578
563.233
563.208
562.716
562.449
562.253
560.726
560.531
560.288
560.23
560.114
559.523
559.427
559.138
559.117
559
558.855
558.633
558.315
558.182
557.9
557.869
557.5
556.556
556.06
555.798
554.921
554.84
554.529
553.81
553.312
553.16
552.786
552.464
552.379
552.325
552.068
551.878
551.333
550.433
550.286
550.202
550.119
549.543
549.217
548.969
548.796
547.571
547.156
547.071
547.021
546.7
545.956
545.667
545.298
544.553
544.318
544.074
543.377
541.71
541.573
541.167
541.121
541.074
540.909
540.771
540.033
539.46
539.196
539.141
538.88
538.547
538.284
538.192
538.156
537.133
536.732
536.718
536.265
536
535.639
535.538
535.141
535.088
534.907
534.189
533.81
533.526
533.3
533.127
531.646
531.464
531.169
530.105
528.375
527.789
527.513
527.118
526.739
526.244
526.143
525.365
524.209
523.429
523.229
522.853
522.818
522.3
522.225
521.032
520.928
520.798
520.395
519.75
519.256
518.796
518.714
518.681
518.176
518.016
517.177
516.887
516.884
516.108
515.919
515.865
515.465
515.343
514.75
514.188
513.475
513.13
512.531
512.323
512.213
510.627
510.545
510.378
509.959
509.373
509.09
509.062
509.051
508.807
507.978
507.75
507.722
506.714
506.703
506.544
506.512
506.49
506.356
505.744
505.206
504.034
503.742
503.615
503.304
503.263
503.153
503.138
502.917
502.909
502.827
502.529
502.429
502.345
502
501.714
501.694
501.687
501.333
500.711
500.544
500.303
500.09
499.687
499.639
498.789
497.952
497.866
497.692
497.493
497.236
496.648
495.721
494.835
493.711
493.075
492.673
492.659
491.809
491.508
491.281
491.189
490.744
489.771
489.239
488.727
488.164
487.727
487.541
485.333
484.603
484.289
484.1
483.793
482.75
481.4
481.37
481.319
480.802
479.735
479.684
479.456
478.672
478.538
478.333
478.286
477.625
476.948
476.724
476.189
475.813
475.256
474.311
474.056
473.857
473.727
472.982
472.813
472.361
472.231
470.058
469.8
469.462
469.085
468.794
468.733
468.206
467.859
467.567
466.771
466.557
466.476
466.341
466.3
466.038
465.771
465.739
463.433
463.423
463.333
462.9
462.672
462.132
462.103
462.079
462.067
462.062
462.059
461.418
461.136
460.61
460.586
460.106
459.708
458.684
458.649
458.422
458.079
456.424
456.292
456.287
456.196
454.99
454.568
454.333
453.941
453.659
453.044
453.011
452.97
452.914
452.553
452.419
452.24
452.172
451.5
450.963
448.857
448.556
448.485
448.386
447.169
446.086
444.949
444.507
444.233
443.5
443.288
443.198
442.957
442.93
442.889
442.784
442.689
442.468
442.321
442.161
441.56
441.128
441.071
440.287
440.151
440.086
439.681
438.766
438.725
438.514
437.841
437.537
436.763
436.737
436.6
436.488
436.32
435.847
435.8
435.6
435.083
434.818
434.259
434.087
433.405
433.375
432.902
432.589
431.51
431.409
431.157
430.667
430.521
430.384
430.333
429.106
429.059
428.615
428.214
428.082
427.64
427.535
427.33
427.245
426.407
426.08
426.056
425.984
425.549
425.495
425.283
425.156
424.958
424.537
424.384
423.475
423.349
422.475
420.823
420.691
420.633
420.468
420.352
419.624
419.443
418.756
418.636
418.5
418.288
417.792
417.672
417.659
414.653
414.479
414.431
414.101
413.326
413.155
412.644
412.333
411.449
410.747
410.148
409.476
409.133
407.577
407.577
407.219
407.214
405.692
405.144
405.12
404.727
404.562
404.405
404.328
403.957
403.125
402.935
402.78
402.302
401.87
399.212
399.205
398.989
398.429
397.833
397.485
396.881
395.951
394.556
393.931
393.147
392.466
391.74
391.235
391.127
390.659
390.457
390.283
389.697
389.362
389.342
388.97
388.581
388.51
387.464
387.048
386.528
385.462
385.33
384.57
383.694
381.953
381.889
379.845
379.605
379.111
378.772
378.706
378.556
378
377.802
377.625
377.518
377.396
377.256
376.968
376.545
376.5
375.747
375.444
375.027
374.866
374.769
374.478
374.338
373.75
373.062
372.424
371.645
371.636
370.5
369.927
369.927
369.865
369.077
368.854
368.829
368.358
368.344
368.286
368.262
367.929
366.716
365.695
365.38
365.366
364.746
364.71
364.429
364.031
363.353
362.876
362.32
361.722
360.169
360
359.6
359.164
358.855
357.894
357.72
357.343
357
356.421
356.25
356.219
355.556
353.632
353.431
353.343
353
352.479
352.455
352.386
352.374
351.826
351.652
351.309
350.774
350
348.691
348.329
347.867
347.776
347.19
347.092
346.865
346.746
346.173
345.705
345.605
345.6
345.58
345.323
343.167
342.719
342.629
342.216
341.951
341.894
341.346
341.32
340.955
340.812
339.875
339.5
339.074
338.979
338.833
338.105
337.139
336.814
336.333
336.174
335.357
335.013
334.667
334.39
334.277
334.085
333.886
333.75
333.2
333.054
332.902
332.348
330.815
330.725
330.016
329.987
329.18
329.117
328.25
328.105
328.096
326.667
326.333
326.318
325.406
325.228
325.037
324.8
324.732
324.732
324.244
324.162
322.704
322.333
321.828
320.261
319.44
319.04
318.823
318.302
317.803
317.218
317
316.466
316.378
316.269
315.973
315.745
315.705
315.64
315.458
314.86
314.532
314.259
314.12
314
313.602
313.032
312.294
312.047
311.5
311.082
310.933
310.42
310.167
309.705
309.553
308.78
308.154
307.742
307.417
307.232
306.745
306.131
305.896
305.179
305.064
304.957
304.926
304.898
304.815
304.568
304.349
304.111
302.836
302.7
302.244
302.122
302.098
301.608
301.333
301.232
300.979
300.842
300.704
299.909
299.839
299.3
299.26
299
298.765
298.75
298.47
298.442
298.319
297.65
297.628
296.693
296.145
295.721
295.505
295.351
295.115
294.905
293.607
293.333
293.281
293.202
292.893
292.72
292.534
292.462
291
290.717
290.477
289.974
289.938
288.808
288.625
287.684
286.83
286.756
286.28
285.882
284.527
284.37
284.325
283.932
283.8
283.649
283.528
283.385
282.824
282
281.833
281.798
281.41
281.343
281.053
280.84
280.765
280.582
280.197
280.067
279.608
279.352
279.329
279.271
278.735
278.55
277.882
277.823
276.57
276.545
276.184
276.123
276.107
275.808
274.844
274.737
274.5
273.8
273.673
273.67
273.652
272.494
271.931
271.224
271.163
270.899
270.231
269.962
269.638
269.457
269.356
269.321
269
268.964
268.935
268.486
268.071
268.011
266.969
266.797
265.707
265.52
265.247
264.8
264.562
263.556
262.39
262.39
261.519
260.573
260.42
259.889
259.865
259.574
259.247
259.102
259.091
258.787
258.753
258.5
258.143
258.074
257.736
257.495
257.036
256.918
256.708
256.474
256.448
256.021
255.967
255.902
255.458
255.043
254.931
254.778
254.685
252.329
251.333
250.829
250.589
250.376
250.23
249.826
249.429
248.4
248.319
248.067
246.38
246.371
246.074
245.87
245.75
245.688
245.522
245.5
245.49
245.113
244.475
244.242
243.92
243.426
243.298
243.262
242.682
242.463
242.293
241.92
241.556
241.086
240.823
240.744
238.012
237.86
236.896
236.86
236.633
236.433
236.419
236.098
235.946
235.173
235.119
234.684
233.8
233.687
233.5
233.494
233.373
233.301
232.64
232.443
232.185
231.515
231.218
231.023
230.863
230.422
230.372
230.352
229.741
229.5
228.765
227.804
227.667
227.643
227.424
226.762
225.91
225.897
224.025
223.894
223.692
223.549
223.2
221.606
221.459
221.379
221
220.15
219.73
219.159
218.897
218.684
218.548
218.452
217.306
216.537
216.512
216.46
215.909
215.633
215.438
214.526
214.476
213.676
213.071
213
212.767
212.593
211.5
210.532
210.264
209.765
209.449
209.37
209
208.67
208.643
208.367
208.224
207.513
207.01
206.734
206.361
206.333
205.703
205.488
204.877
204.297
203.491
201.421
200.949
200.737
200.15
199.8
198.86
197.933
197.516
196.73
196.514
196.329
195.767
195.489
195.31
194.955
194.923
194.75
194.385
194
192.959
192.374
192.367
192.22
192.2
192.072
191.333
191.194
190.865
190.667
190.247
190.194
190.175
189.278
189.06
188.564
188.5
188.333
187.823
186.062
185.692
185.561
185.475
185.417
185.293
184.947
184.658
184.108
184.066
183.558
183.395
182.27
182.22
181.953
181.75
181.66
181.624
181.389
181.371
181.135
179.342
179.226
178.971
178
177.451
177.341
177.339
177.17
176.989
176.108
176.071
176.061
175.718
175.514
175.488
175.388
175.154
174.536
173.638
173
172.693
171.956
171.955
171.64
170.533
170.533
170.26
169.969
169.136
168.653
168.179
167.702
167.538
167.273
166.386
165.855
165.792
165.539
165.293
165.044
165
164.787
164.318
163.842
163.52
162.78
162.711
162.598
162.411
162.293
162.059
161.259
159.545
159.214
159.021
158.483
157.602
157.163
157.115
157
156.603
156.475
156.102
156
155.638
154.859
154.217
154.057
153.935
153.333
152.767
152.374
151.463
150.696
150.037
149.814
149.633
149.633
149.625
149.284
149.143
147.153
146.545
145.94
145.043
145.039
144.881
144.707
144.484
143.917
143.857
143.727
143.275
143.268
143.052
142.673
141.637
141.536
141.429
141.143
140.4
140.151
138.899
138.857
138.791
137.962
137.76
137.493
137.2
136.939
136.739
136.328
136.116
136.029
135.667
135.475
135.169
134.86
134.8
134.406
133.78
133.3
133.075
132.914
132.308
132.139
130.979
130.863
129.84
129.803
129.278
129.205
129.08
129.075
129.063
127.214
126.283
126.253
126.153
125.435
125.382
125.357
125.075
124.611
124.077
123.783
123.5
123.44
123.429
123.165
123.106
122.762
122.462
121.229
121.04
120.867
120.844
119.75
119.562
119.537
119.326
119.056
118.071
117.96
117.402
117.16
116.535
116.157
116.126
116.062
115.559
115.383
115.359
114.725
114.557
114.32
112.414
111.708
111.278
111.039
110.943
110
108.93
108.8
108.72
108.478
108.157
108.141
107.042
106.938
106.208
105.94
105.6
105.529
105.269
104.882
104.25
104.042
103.809
102.549
102.455
102.132
101.558
100.98
100.065
99.5618
99.5185
99.3373
99.1429
98.6857
98.6333
98.15
97.2558
96.3333
95.9302
95.2727
95.1867
94.803
94.6883
94.6452
94.5797
94.3137
93.8817
93.35
92.7193
92.6196
92.241
92.1167
91.2065
91.0513
90.1389
90.0357
88.8041
87.9895
87.942
87.9211
87.6286
87.5
87.4396
87.3838
87.3023
87.2447
87.037
86.7619
86.56
86.0957
85.0638
83.9825
83.1515
83.0638
83
82.6835
82.6379
82.3375
82.1096
81.48
80.9474
80.9388
80.7363
80.4545
79.6087
79.1111
79.0588
78.589
78.3784
78.1754
78
77.8478
77.8095
77.3881
77.3816
76.9495
76.8485
76.7209
75.6735
74.9306
74.8854
74.3043
74.2609
72.8871
71.6667
70.7979
70
69.7936
69.75
69.1163
68.875
68.7564
68.5217
68.1562
67.4598
67.3571
66.7213
66.5172
66.0988
65.5926
65.0423
64.8041
64.6667
64.3333
64.2619
63.7609
63.5769
63.3462
63.2281
63.0737
62.9643
62.8
62.2105
61.7333
60.6545
60.4947
59.8875
59.56
57.7895
57.4151
56.4348
56.1224
55.1905
55.1905
54.7975
54.7241
54.2667
54.2286
54
53.7183
53.5102
52.0526
52.0244
51.9565
50.4706
50.1702
50.1296
50.0714
49.9111
49.7684
49.5618
48.6667
48.6618
48.2
48.0808
46.8039
46.4184
46.3478
46.2093
45.9412
45.8889
45.7714
45.7639
45.1379
45
44.7561
44.4062
44.1333
43.1647
42.8696
42.8
42.2778
42.1538
41.9149
41.3421
41.3297
41.2444
41.03
39.5625
39.2424
38.7586
38.7283
37.6977
37.3061
36.5
35.2615
34.4557
33.8889
33.4468
33.4023
33.3433
33.2235
33.1111
30.6957
30.6452
30.5517
29.9
29.3448
29.2759
29.2105
28.8197
28.7059
28.1978
27.7931
26.7692
26.0864
25.6211
25.5968
25.4648
25.3908
24.1183
22.1364
21.7297
21.5217
21.1548
19.4154
19.359
19.2143
19.087
18.9714
18
17.6508
17.137
16.8448
16.8043
16.4565
16.359
15.6901
15.5495
15.2917
15.0816
13.7321
13.131
13.0581
13.0541
12.9538
12.7778
12.7547
12.527
12.3559
12.2791
11.619
11.2935
11.1034
9.59155
9.01333
8.93103
8.91304
8.64
8.62222
7.86207
7.84848
7.8
7.69091
7.63514
7.35088
6.60526
6.32292
6.28409
5.35789
4.80702
4.65625
4.33333
4.31034
4.20588
3.95455
3.67568
3.50633
3.21569
2.82353
2.12903
1.5
0.957447
0.540984
0.318681
-0.037037
-0.225
-0.706522
-0.754717
-1.40789
-1.78
-1.98864
-2.27
-2.56962
-2.57143
-3.58209
-3.5974
-3.95652
-4.03371
-4.08696
-5.27397
-5.69231
-5.79592
-6.29167
-6.54902
-7.79518
-8.08772
-8.09231
-8.38636
-9.11429
-9.5641
-9.74074
-9.97297
-10.1304
-10.338
-11.6226
-12.1915
-13.9574
-14.3158
-14.375
-14.5455
-14.7955
-14.9192
-15.2115
-15.2143
-15.2152
-15.3333
-16.0267
-16.7347
-16.7826
-17.6406
-17.9014
-19.69
-19.9038
-19.913
-21.5778
-22.4
-22.6494
-22.6538
-23.125
-23.3175
-23.4861
-23.7816
-24.0533
-24.6375
-25.5238
-25.7831
-26.6598
-26.8194
-26.9333
-27
-27.0842
-27.2414
-27.3636
-27.4948
-27.7241
-27.7674
-27.9444
-29.9231
-30.4478
-30.6667
-31.443
-31.4872
-31.7407
-31.8378
-33.3913
-33.4583
-33.7188
-34.1667
-34.67
-35.8182
-36.381
-36.6837
-36.7024
-36.8353
-36.9798
-37.0143
-37.2976
-37.3462
-37.4
-37.6875
-38.093
-38.1585
-38.6
-39.4086
-39.5765
-41.1552
-41.1728
-41.4667
-41.7791
-42.5263
-42.8125
-42.9043
-42.9333
-43.3913
-43.5979
-43.6667
-44.0385
-44.0417
-44.2857
-44.4694
-44.5352
-44.8608
-44.9383
-44.954
-45.4474
-45.4824
-45.8064
-45.8367
-46.3095
-47.3205
-47.9104
-49.2059
-49.2872
-49.4032
-49.6786
-50.3889
-51.7143
-51.7179
-51.7333
-51.8261
-51.8977
-52.6406
-52.9841
-53.1724
-54.0968
-54.5595
-55.2267
-56.0879
-56.2267
-57.0909
-57.2459
-57.3846
-57.6053
-57.9775
-58.7308
-58.9192
-60.0606
-60.0746
-60.1224
-60.1324
-60.3421
-60.9512
-61.4432
-61.6207
-62.1905
-62.2588
-62.4667
-62.625
-62.6667
-62.8353
-62.9091
-63.4535
-64.1099
-64.4189
-64.5455
-66.2135
-66.2381
-66.5417
-66.5417
-67.1467
-67.3696
-67.75
-67.8372
-69.0103
-69.0526
-69.2892
-69.5231
-69.9423
-69.9565
-70.7436
-70.875
-71
-71.0845
-71.5595
-71.6825
-72.9882
-73.1765
-74.2568
-75.1279
-75.1705
-75.8136
-75.8222
-76.8814
-78.125
-78.6522
-78.7143
-79.3529
-80.0652
-80.141
-80.4024
-80.7312
-81.2727
-81.931
-82.25
-82.2683
-82.8506
-83.3333
-83.8519
-83.9388
-84.017
-84.1429
-84.4795
-85.7455
-87.4262
-87.6585
-87.8462
-88.6667
-88.9355
-88.979
-89.0789
-89.5152
-90.2253
-91.4638
-91.5541
-91.7308
-92.8064
-92.9896
-93.75
-94.1667
-94.6905
-95.0521
-95.2763
-95.6279
-96.4405
-96.5397
-97.1304
-98.3438
-98.3607
-98.7108
-99.4545
-99.6735
-99.9589
-100.2
-100.805
-101.567
-101.763
-102.312
-103.429
-104.072
-104.163
-104.716
-106.39
-106.898
-107.137
-107.737
-108.247
-108.464
-109.051
-110.05
-110.17
-110.19
-110.32
-110.506
-111.357
-111.425
-113.375
-113.526
-113.692
-113.921
-114.045
-114.202
-116.154
-116.364
-116.988
-117
-117.02
-117.422
-117.593
-118.256
-118.305
-118.426
-118.446
-118.761
-119.458
-119.588
-119.732
-119.8
-119.978
-120
-120.538
-121.032
-121.122
-121.282
-122.316
-122.35
-122.429
-122.449
-123.193
-123.325
-123.7
-123.708
-123.908
-124.149
-124.607
-124.921
-125.28
-125.79
-125.846
-125.93
-125.944
-125.957
-126.677
-126.8
-127
-127.615
-127.837
-128.543
-128.71
-128.981
-129.381
-129.457
-129.745
-130.728
-131.212
-131.414
-132.206
-132.382
-132.453
-133.969
-134
-134.4
-134.811
-135.2
-135.778
-135.859
-136.308
-136.426
-136.64
-136.755
-137.979
-138
-138.12
-138.537
-138.955
-138.988
-140.138
-140.474
-141.5
-142.667
-142.895
-143.179
-144.019
-145
-145.141
-145.703
-146.101
-147.075
-147.185
-147.29
-147.861
-148.403
-148.427
-148.491
-149.413
-149.731
-150.214
-150.444
-150.446
-151.667
-151.843
-151.852
-151.941
-152.885
-152.929
-153.163
-153.304
-153.603
-154.78
-156.565
-157.188
-157.523
-158
-158.5
-158.541
-158.629
-160.222
-160.72
-160.86
-160.894
-160.923
-161.095
-161.17
-162.111
-162.147
-162.154
-162.358
-162.526
-162.907
-163.273
-163.381
-163.638
-164.263
-164.459
-164.878
-164.938
-164.964
-165.045
-165.571
-165.8
-166.045
-166.268
-166.66
-168.158
-168.186
-168.448
-168.604
-169.3
-169.575
-169.802
-170.031
-170.506
-170.506
-170.551
-170.574
-170.941
-171.122
-171.663
-172.082
-172.302
-172.556
-172.81
-172.979
-173.558
-173.965
-174.068
-174.64
-174.766
-175.341
-175.795
-175.873
-175.908
-176.228
-176.478
-176.507
-176.776
-176.789
-177.563
-177.75
-178.101
-179.129
-179.414
-179.468
-180.109
-180.963
-181.909
-182.349
-183.141
-183.362
-183.72
-183.87
-183.941
-183.986
-184.421
-184.915
-185.152
-186.861
-186.889
-188.219
-188.328
-188.659
-190.038
-190.888
-190.949
-191.309
-191.378
-191.453
-191.8
-192.342
-192.589
-193.688
-194.047
-194.196
-194.333
-194.598
-195.125
-195.946
-196.075
-196.458
-196.75
-197.176
-197.189
-197.194
-197.286
-197.667
-197.933
-197.952
-198.473
-198.615
-198.646
-200
-200.038
-200.15
-200.19
-200.387
-200.889
-201
-201.021
-201.422
-201.506
-201.648
-202.036
-202.688
-202.866
-202.909
-203.103
-203.424
-203.761
-204
-204.796
-205.133
-205.28
-205.424
-205.471
-205.604
-205.797
-205.926
-206
-206.942
-207.141
-207.579
-207.871
-208.021
-208.085
-208.152
-208.237
-209.633
-211.125
-211.226
-211.31
-211.324
-211.525
-213.024
-213.041
-213.352
-213.576
-214.148
-214.239
-214.618
-214.855
-215.174
-215.5
-215.714
-215.737
-216.4
-217.299
-217.39
-217.5
-218.027
-219
-219.012
-219.057
-220.182
-220.303
-221.424
-221.761
-221.768
-222.033
-224.357
-224.517
-225.108
-225.311
-225.735
-225.904
-225.935
-226.576
-226.714
-227.351
-229.873
-230.226
-230.228
-230.796
-231.247
-231.753
-232.306
-233.5
-234.037
-234.15
-234.524
-234.556
-235.12
-235.458
-236.182
-236.267
-236.574
-238.854
-239.333
-239.688
-239.844
-240.316
-240.371
-240.419
-240.781
-241.372
-241.415
-241.534
-241.833
-242.19
-242.412
-242.814
-243.188
-243.382
-243.851
-244.337
-245.047
-245.714
-246.349
-246.821
-247.438
-247.491
-247.763
-248.299
-248.554
-249.216
-249.44
-249.553
-249.602
-249.697
-251.7
-251.936
-252.232
-252.6
-254.158
-254.781
-255.333
-255.511
-255.879
-255.9
-256.224
-256.583
-256.77
-256.926
-257.328
-257.345
-257.405
-257.547
-258.459
-258.631
-258.796
-259.519
-259.533
-259.652
-259.698
-259.763
-260.714
-261.727
-262.314
-262.37
-262.582
-263.546
-263.674
-263.765
-263.831
-264.25
-264.987
-265.275
-265.438
-265.571
-265.847
-265.905
-266.155
-266.305
-266.602
-266.66
-266.936
-267.308
-267.579
-267.973
-268.225
-268.326
-268.456
-268.841
-269.344
-269.676
-269.68
-270.287
-270.475
-271.146
-271.978
-272.494
-273.506
-273.955
-274.75
-275.127
-275.352
-275.66
-275.806
-276.455
-276.583
-276.65
-276.797
-276.905
-276.946
-277.42
-277.667
-279.245
-279.382
-279.397
-279.417
-279.476
-280.683
-281.143
-281.404
-281.51
-281.909
-281.989
-282.362
-282.625
-282.75
-283.874
-284.291
-284.515
-284.905
-285
-285.782
-285.941
-286.371
-286.525
-286.895
-289.172
-290.122
-290.318
-290.95
-291.218
-291.236
-291.517
-291.54
-291.738
-291.855
-292.146
-292.512
-292.561
-292.596
-293.364
-293.404
-293.521
-294.353
-295.136
-295.432
-295.728
-295.733
-296.951
-297.509
-297.909
-298.029
-298.208
-298.756
-298.763
-299.298
-299.374
-300.048
-300.052
-300.472
-301.093
-301.636
-301.676
-301.714
-301.968
-302.438
-302.491
-302.596
-302.969
-303.411
-303.677
-303.78
-303.833
-304.083
-304.188
-304.562
-305.221
-305.765
-306.221
-306.838
-306.889
-307.896
-308.727
-308.893
-308.957
-309.8
-311.28
-311.322
-311.446
-311.696
-312.188
-312.415
-312.5
-312.672
-312.985
-313.214
-313.878
-314.798
-314.827
-314.938
-315.292
-316.022
-316.455
-317
-317.016
-317.275
-317.308
-317.523
-318.571
-318.766
-318.969
-319.062
-319.48
-320.12
-320.571
-320.618
-321.778
-321.897
-322.316
-322.49
-322.5
-322.575
-322.968
-323.378
-323.689
-323.704
-323.76
-324.935
-325.093
-325.255
-325.314
-325.511
-326.124
-326.741
-327.068
-327.609
-327.642
-328.261
-328.988
-329.158
-329.774
-330.293
-331.198
-331.585
-332.043
-332.103
-332.622
-333.018
-333.714
-333.835
-334.089
-334.429
-334.67
-335.798
-335.917
-336.12
-336.638
-337.167
-338.697
-338.745
-338.785
-338.873
-339.34
-339.589
-339.8
-340.553
-341.08
-341.591
-342.208
-342.949
-343.194
-343.333
-344.115
-344.286
-344.69
-345.6
-345.61
-346.229
-346.837
-347.048
-347.392
-348.25
-348.697
-349.37
-349.658
-350.421
-350.592
-350.598
-350.835
-350.946
-351.101
-351.495
-351.918
-351.938
-352.808
-352.838
-353.035
-353.184
-353.487
-355.161
-355.961
-356.646
-356.783
-357.321
-357.514
-358.286
-358.944
-359.345
-359.786
-361.418
-363.071
-363.211
-363.467
-364.295
-364.355
-364.734
-365.875
-366.539
-366.865
-367
-367.612
-369.505
-369.677
-370.056
-370.111
-370.237
-370.284
-370.4
-370.864
-371.056
-371.062
-371.2
-372.127
-372.294
-372.612
-372.71
-373.456
-374.767
-375.258
-375.75
-376.371
-376.625
-377.014
-377.162
-377.176
-377.414
-377.652
-378.047
-378.082
-378.29
-378.75
-379.147
-379.277
-379.324
-379.436
-379.929
-379.943
-380.704
-380.886
-381
-381.5
-381.549
-381.675
-381.833
-381.9
-383.958
-384.052
-384.436
-384.726
-384.837
-385.067
-386.52
-386.536
-386.887
-387.787
-388.364
-388.958
-389.556
-389.611
-389.9
-389.961
-390.01
-390.469
-390.781
-391.055
-391.099
-391.145
-391.315
-392.191
-392.279
-393.176
-393.417
-394.586
-394.632
-394.779
-395.167
-395.587
-395.614
-395.714
-395.826
-396.094
-396.273
-396.581
-396.61
-396.828
-397.039
-397.614
-397.812
-399.266
-399.789
-400.37
-400.68
-401.103
-401.786
-402.043
-403.018
-403.689
-403.943
-404.3
-405.562
-405.614
-405.966
-406.036
-406.63
-406.739
-406.857
-407.083
-407.188
-407.429
-408.333
-408.367
-409.143
-409.254
-409.344
-409.457
-409.942
-410.032
-411.469
-411.5
-411.833
-412.278
-412.356
-412.436
-412.875
-413.292
-414.089
-414.227
-415.818
-416.593
-417.052
-417.096
-417.216
-417.24
-417.911
-418.157
-418.19
-418.36
-418.733
-418.896
-419.953
-419.98
-420.086
-420.75
-421
-421.153
-421.286
-421.667
-422.478
-423.038
-423.19
-423.719
-423.765
-423.917
-424.043
-424.637
-424.864
-424.895
-425.3
-425.787
-425.881
-426.72
-426.783
-427.538
-427.842
-428.679
-428.957
-429.075
-429.289
-429.41
-430.394
-430.556
-430.667
-430.9
-430.989
-431.167
-431.647
-431.867
-431.975
-432.355
-432.602
-432.805
-433.548
-434.24
-434.603
-435.127
-435.217
-435.987
-436.197
-436.227
-436.456
-437
-437.806
-438.238
-439.5
-439.982
-440.325
-441.214
-441.228
-441.246
-441.438
-441.912
-442.355
-442.367
-442.458
-442.969
-443.939
-446.094
-446.106
-446.311
-446.313
-446.477
-446.8
-446.814
-447.073
-447.453
-447.784
-448.082
-448.429
-449.836
-449.988
-450
-450.096
-450.346
-450.556
-450.778
-450.8
-452.212
-452.435
-452.769
-453.81
-454.202
-454.226
-454.366
-455.093
-455.107
-455.345
-455.453
-455.863
-456.051
-456.115
-456.173
-457.062
-457.625
-457.987
-458.36
-458.405
-458.667
-458.95
-459.171
-459.295
-459.818
-459.92
-460.298
-461.141
-461.183
-461.37
-462.657
-463
-463.04
-463.406
-463.5
-463.861
-463.87
-464.075
-465.436
-465.667
-465.811
-467.115
-467.724
-467.849
-468.096
-468.137
-468.153
-468.24
-468.864
-469
-469.092
-469.123
-469.133
-470.059
-470.073
-470.427
-470.472
-470.624
-470.884
-470.906
-472.062
-472.18
-472.628
-472.868
-472.971
-473.31
-473.712
-474.25
-475.25
-476.535
-477.08
-477.662
-478.945
-479.468
-479.891
-480.049
-480.132
-480.363
-480.791
-481.157
-481.231
-482.219
-483.14
-483.18
-483.517
-483.565
-484.449
-484.467
-484.753
-485.214
-486
-486.4
-486.694
-486.696
-486.714
-486.876
-486.938
-487.175
-487.269
-487.393
-487.51
-487.532
-487.789
-487.841
-487.902
-488.109
-488.667
-489.515
-489.629
-489.847
-489.944
-490.185
-490.288
-490.836
-491.053
-491.373
-492
-492.5
-492.532
-492.81
-493.283
-493.554
-493.603
-493.627
-493.838
-494.103
-494.92
-495.116
-495.353
-496.123
-496.314
-496.773
-497.295
-497.819
-497.952
-498.113
-498.268
-498.429
-498.895
-499.323
-500.263
-500.411
-500.531
-501
-501.25
-501.371
-502.2
-502.55
-502.808
-502.86
-503.852
-504.026
-504.147
-504.436
-504.659
-505.66
-506.182
-507.517
-508.196
-508.833
-509.018
-509.077
-509.176
-509.205
-509.962
-510.308
-510.75
-510.939
-511.231
-511.418
-511.821
-512.048
-512.1
-512.14
-512.462
-512.905
-513.185
-513.202
-513.269
-513.879
-514.1
-514.338
-514.944
-515.971
-516.048
-516.158
-517.818
-517.986
-518.826
-519.053
-519.575
-519.625
-520.426
-520.667
-521.206
-521.475
-521.543
-521.714
-522.042
-522.415
-523.148
-523.769
-523.882
-525.354
-525.914
-526
-526.811
-526.884
-526.92
-526.923
-527.526
-527.766
-528.21
-529.186
-529.674
-529.868
-530.26
-530.806
-530.894
-531.134
-531.25
-531.444
-531.492
-532.015
-532.459
-532.692
-532.787
-532.906
-533.337
-533.452
-534.143
-534.261
-534.458
-535.416
-535.84
-536.472
-536.922
-537.107
-537.537
-538.071
-538.328
-539.344
-539.667
-539.917
-540.411
-540.558
-540.851
-541
-541.241
-541.258
-541.892
-542.914
-543.239
-543.789
-543.909
-544.409
-544.576
-545.93
-546.17
-546.19
-546.298
-546.436
-547.021
-547.49
-547.634
-547.676
-548.202
-548.295
-548.885
-549.256
-550.538
-550.551
-551.364
-551.37
-551.535
-553.219
-553.794
-554.125
-554.356
-554.697
-555.64
-555.704
-556.75
-557.468
-558.286
-558.549
-558.582
-559
-559.849
-561.312
-561.444
-561.688
-561.815
-562.24
-562.509
-562.658
-563.096
-563.425
-563.808
-564.67
-564.71
-565.167
-565.427
-565.5
-565.506
-565.602
-566.078
-566.261
-566.568
-566.704
-566.724
-567.189
-567.233
-567.475
-567.828
-567.917
-567.977
-568
-568.238
-569.183
-569.913
-569.938
-570.263
-570.48
-570.621
-570.849
-571.098
-571.183
-571.288
-571.443
-571.489
-572.31
-572.409
-572.625
-573.4
-574.282
-574.629
-574.9
-577.877
-577.905
-578.144
-578.698
-578.7
-578.891
-579.297
-579.375
-579.551
-579.847
-580.783
-581.079
-582.386
-582.729
-583.189
-583.636
-584.241
-584.358
-584.522
-584.732
-584.741
-584.786
-585.014
-585.254
-585.5
-586
-586.571
-587.353
-587.37
-587.562
-588.218
-588.283
-588.31
-588.531
-588.702
-588.853
-589.585
-590.491
-590.923
-591.043
-591.262
-591.404
-591.838
-593.687
-594.286
-594.316
-594.663
-595.812
-595.9
-596.602
-597.065
-597.741
-597.907
-597.939
-598.186
-598.576
-599.195
-599.317
-599.375
-599.64
-599.897
-599.939
-599.953
-600.168
-600.211
-600.67
-601.361
-601.491
-601.87
-602.17
-602.4
-602.446
-603.462
-603.52
-604
-604.029
-605.958
-606.309
-606.327
-606.705
-607.315
-607.361
-607.833
-607.945
-608.516
-608.827
-609.258
-609.545
-609.593
-610.06
-610.585
-610.667
-610.932
-611
-611.058
-611.917
-611.945
-612.077
-612.083
-612.824
-613
-613.402
-613.676
-614.583
-614.646
-614.75
-614.899
-615.071
-615.288
-615.688
-615.756
-616.485
-616.68
-617.152
-617.31
-617.405
-617.663
-617.938
-617.959
-617.975
-618
-618.441
-618.486
-618.725
-618.886
-618.908
-619.208
-619.846
-620.175
-620.725
-620.89
-620.919
-620.956
-621.326
-621.671
-622.261
-622.369
-623.547
-623.688
-623.901
-623.986
-624.34
-624.73
-625.259
-625.909
-626.284
-626.671
-627.121
-627.688
-627.9
-628.066
-628.255
-628.382
-628.756
-628.79
-630
-630.3
-630.447
-630.582
-630.826
-630.944
-631.277
-631.316
-631.51
-631.872
-633.064
-633.774
-634.259
-634.488
-634.867
-635.118
-635.794
-636.511
-637.531
-637.833
-638.243
-638.431
-638.84
-639.15
-639.281
-639.282
-639.5
-641.274
-641.457
-641.972
-642.455
-643.213
-643.226
-643.299
-646.485
-646.58
-646.815
-647.52
-648.053
-648.214
-648.468
-648.75
-649.29
-649.557
-649.844
-650.217
-650.289
-650.5
-651.48
-651.741
-652.182
-652.443
-653.532
-653.667
-653.763
-653.828
-654.595
-654.943
-655.371
-655.857
-656.75
-657.127
-658.266
-658.273
-658.667
-659.083
-659.119
-659.222
-659.588
-660.076
-660.09
-660.466
-661.175
-661.273
-661.712
-661.769
-661.933
-662.433
-662.891
-663.051
-663.4
-663.742
-663.788
-664.615
-666.147
-666.282
-666.512
-666.758
-666.816
-667.319
-668.111
-668.179
-668.194
-668.659
-669.2
-669.5
-670.545
-671.359
-671.894
-672.333
-672.835
-672.838
-672.975
-673.744
-674.174
-674.641
-675.483
-675.604
-675.753
-675.895
-676.95
-677.053
-678.13
-678.453
-678.782
-679.4
-681.554
-682.031
-682.643
-683
-683.012
-683.309
-683.375
-683.619
-683.962
-684.022
-684.068
-685.729
-686.978
-687.146
-687.596
-688.16
-688.161
-688.303
-688.537
-688.67
-689.17
-689.899
-690.483
-690.514
-690.829
-690.947
-691.408
-691.537
-691.871
-691.986
-692.648
-693.115
-694.049
-694.15
-694.171
-694.235
-694.407
-694.491
-694.757
-696.333
-696.594
-696.857
-696.904
-697.262
-697.463
-697.632
-698.103
-698.963
-699
-699.941
-702.217
-702.545
-702.775
-703.06
-703.412
-703.859
-703.947
-705.562
-705.719
-706.244
-706.728
-707.185
-707.273
-707.598
-708.145
-708.615
-708.646
-708.848
-708.889
-708.905
-709.719
-709.831
-709.976
-710
-711.031
-711.633
-712.044
-712.438
-712.662
-712.797
-713.486
-713.786
-713.838
-713.893
-714
-715.071
-715.453
-715.538
-715.625
-716.065
-716.328
-717.382
-717.688
-717.86
-718.282
-718.446
-718.51
-718.615
-718.667
-718.9
-718.923
-719.104
-719.48
-720
-720.2
-720.27
-720.406
-720.74
-720.911
-721.057
-722.209
-722.292
-722.479
-722.74
-722.778
-724.062
-725.061
-725.226
-725.412
-725.718
-725.774
-726.609
-726.685
-726.814
-728.324
-728.725
-729.16
-729.274
-729.54
-729.671
-729.698
-730.254
-730.506
-730.708
-730.717
-730.974
-732.651
-733.076
-733.323
-733.537
-734
-734.293
-734.313
-735.286
-735.61
-736.079
-736.526
-737.021
-737.357
-738.127
-738.162
-738.321
-738.341
-738.758
-739.056
-739.133
-739.3
-739.333
-739.619
-740.126
-740.266
-740.707
-740.803
-740.951
-741.202
-741.463
-741.536
-741.825
-742.104
-742.163
-742.471
-743.25
-743.367
-743.537
-744.312
-744.819
-744.88
-745.204
-745.339
-745.953
-746.741
-748.143
-748.426
-748.529
-749.071
-749.293
-749.326
-749.443
-751.518
-751.6
-751.759
-751.886
-752.385
-752.432
-754.125
-754.596
-755.257
-755.59
-755.746
-756.018
-756.383
-756.7
-757.011
-757.593
-757.936
-758.797
-759.477
-759.677
-760.161
-760.551
-760.722
-760.902
-761.35
-761.902
-762
-762.293
-762.978
-763.402
-763.512
-763.975
-764.25
-764.5
-764.529
-764.559
-764.596
-765.67
-766.513
-766.814
-769.398
-770.377
-770.462
-770.576
-770.589
-770.83
-771.053
-771.279
-771.333
-771.346
-771.37
-771.451
-772.647
-772.702
-773.395
-774.165
-774.449
-774.897
-774.95
-775.09
-775.444
-775.702
-775.782
-775.892
-775.915
-776.108
-776.209
-777.01
-777.359
-777.39
-777.646
-777.943
-778.216
-778.397
-780.171
-781.078
-781.271
-781.37
-781.418
-781.822
-782.707
-782.881
-783.595
-784.688
-784.824
-785.296
-785.723
-786.48
-787.247
-787.457
-787.811
-787.827
-788.13
-788.163
-788.565
-788.612
-788.667
-788.733
-789.182
-789.31
-789.5
-790.618
-790.873
-791.75
-792.149
-792.383
-792.44
-792.556
-793.885
-794.705
-795.247
-795.862
-795.966
-797.092
-797.15
-797.319
-797.425
-797.443
-797.567
-800.409
-800.489
-800.657
-801.159
-801.598
-801.788
-801.945
-802.424
-802.861
-803.444
-803.608
-804.099
-804.881
-805.429
-805.91
-806.221
-806.563
-806.915
-807.247
-807.84
-808.197
-808.783
-809.045
-809.357
-809.889
-810.214
-810.412
-810.459
-810.467
-810.929
-812.236
-813.524
-814.077
-814.233
-814.575
-815.102
-815.645
-815.756
-817.043
-817.548
-819.111
-819.389
-819.412
-820.908
-821.16
-821.778
-822.147
-822.5
-822.528
-822.587
-822.597
-823
-823.207
-823.227
-823.443
-823.744
-824.625
-824.817
-825.066
-825.618
-825.897
-826.057
-827.024
-827.089
-827.151
-827.404
-828.36
-828.653
-829.042
-829.279
-829.631
-830.031
-830.298
-831.233
-832.219
-832.319
-832.512
-832.537
-832.681
-832.835
-833.447
-833.484
-833.822
-834.432
-834.458
-834.491
-835.483
-835.629
-835.65
-836.43
-837.242
-837.309
-838.306
-838.623
-838.864
-839.3
-839.927
-840.446
-840.616
-840.645
-840.785
-841.23
-842.618
-842.881
-843.3
-844.111
-844.841
-845.375
-846.017
-846.358
-846.484
-846.83
-849.216
-849.242
-849.528
-849.655
-849.818
-850.082
-850.781
-851.269
-851.438
-851.482
-851.598
-851.602
-852.129
-852.134
-852.367
-852.904
-852.944
-853.885
-853.946
-855.429
-855.958
-857.174
-857.562
-857.625
-858.923
-860.036
-860.144
-860.521
-860.786
-860.83
-861.25
-861.79
-861.909
-861.925
-862
-862.66
-863.012
-863.154
-864.165
-864.182
-864.206
-865.097
-865.157
-865.35
-865.37
-865.391
-866.01
-866.033
-866.237
-866.469
-866.947
-868.037
-868.776
-868.854
-869.5
-870
-871.14
-871.827
-871.831
-872.224
-872.261
-873.121
-873.611
-874.12
-874.312
-875.442
-875.49
-875.79
-876.161
-876.205
-876.684
-876.685
-877.283
-877.463
-877.625
-877.772
-878.092
-878.167
-878.323
-879.227
-879.739
-880.333
-880.412
-881.44
-881.971
-882.487
-883.198
-883.198
-883.397
-883.905
-884.184
-884.815
-885.99
-886.011
-886.681
-887
-887.062
-887.16
-887.271
-887.4
-887.75
-887.812
-887.845
-888.165
-888.258
-888.376
-888.674
-888.808
-888.935
-889.589
-890.153
-890.25
-890.778
-891.944
-892.247
-892.444
-893.25
-893.365
-893.763
-893.971
-893.989
-894.419
-894.865
-894.914
-895.78
-896.511
-896.843
-897.847
-898.313
-898.642
-899.398
-899.5
-899.625
-900.5
-901.157
-901.303
-901.482
-901.712
-901.828
-901.849
-901.889
-902
-902.872
-902.96
-903.244
-903.286
-903.913
-905.22
-905.25
-905.289
-905.426
-905.488
-905.5
-906.836
-907.193
-907.352
-907.844
-908.515
-908.878
-909.306
-909.532
-909.789
-910.22
-910.688
-910.81
-910.897
-911.148
-911.254
-911.333
-911.422
-911.941
-912.31
-912.391
-912.48
-912.602
-914.28
-916.065
-916.098
-916.854
-916.894
-917.465
-918.143
-918.415
-918.484
-918.879
-919.349
-919.977
-920.868
-920.89
-921.081
-921.437
-921.519
-922.368
-923.1
-923.5
-923.55
-923.686
-924
-924.209
-924.625
-925.265
-926.188
-926.302
-926.711
-926.724
-926.83
-927.55
-928.175
-928.541
-928.609
-928.718
-928.901
-929.367
-930.48
-930.645
-930.86
-931.33
-931.55
-931.703
-933.345
-933.538
-933.947
-934
-935.292
-935.795
-936.125
-936.167
-936.227
-936.659
-936.718
-936.965
-937.774
-937.878
-938.476
-938.707
-938.969
-939.731
-939.735
-940.828
-941.719
-941.75
-941.763
-941.903
-941.97
-942.96
-944.41
-944.413
-944.492
-944.947
-945.333
-945.369
-945.484
-945.681
-946.244
-947.225
-949.177
-949.922
-950.831
-951.755
-951.854
-951.884
-952.229
-952.4
-953.145
-953.154
-953.359
-953.845
-953.967
-954.226
-954.674
-954.706
-954.913
-955.103
-955.538
-955.596
-955.971
-956.021
-957.371
-957.727
-958.227
-958.632
-959.096
-959.789
-960.455
-960.773
-961.372
-961.841
-962.253
-962.438
-962.591
-962.98
-963.745
-964.529
-964.708
-965.092
-965.254
-965.333
-965.944
-967.274
-967.609
-968.654
-969.09
-969.769
-969.931
-969.977
-969.982
-970.364
-970.381
-970.494
-970.559
-970.949
-971.25
-972.1
-972.207
-972.222
-972.435
-972.672
-972.831
-973
-973.712
-975.516
-976.275
-976.421
-977.272
-977.64
-978.6
-979.136
-979.423
-980.075
-980.339
-980.808
-981.075
-981.253
-982.029
-982.63
-982.725
-984.333
-984.465
-984.972
-985.122
-985.208
-987.765
-987.941
-988.567
-989.302
-989.872
-989.984
-990.763
-990.775
-991.274
-991.857
-992.512
-992.694
-992.955
-993.055
-993.11
-993.141
-994.312
-994.957
-995.011
-995.482
-995.711
-995.785
-996.394
-996.596
-997
-997.179
-997.552
-997.956
-998.068
-998.348
-998.569
-999.31
-999.842
-1000.03
-1000.74
-1000.81
-1001.34
-1001.43
-1001.53
-1001.79
-1002
-1002.11
-1002.91
-1002.92
-1003.15
-1003.5
-1003.64
-1004.66
-1005.3
-1005.5
-1005.52
-1005.61
-1006.09
-1006.38
-1006.41
-1008.36
-1008.37
-1008.62
-1008.91
-1009.27
-1009.59
-1010.05
-1010.43
-1010.58
-1010.63
-1010.84
-1011.1
-1011.12
-1011.46
-1011.65
-1011.83
-1012.66
-1013.03
-1013.42
-1013.79
-1013.84
-1014.07
-1014.49
-1014.73
-1014.77
-1014.85
-1014.95
-1015.26
-1015.45
-1015.87
-1016.1
-1016.38
-1017.17
-1017.23
-1018.03
-1018.09
-1018.7
-1019.28
-1020.01
-1020.07
-1020.17
-1020.69
-1020.91
-1021.12
-1021.21
-1021.97
-1023.22
-1023.58
-1023.9
-1024.94
-1025.06
-1025.34
-1025.99
-1026.5
-1026.74
-1027.29
-1027.52
-1027.8
-1028.03
-1028.49
-1028.56
-1028.63
-1028.96
-1029.43
-1029.64
-1030.6
-1031.05
-1032.44
-1032.48
-1033.81
-1033.91
-1034.19
-1034.79
-1035.76
-1036.43
-1037.15
-1037.78
-1038.41
-1038.6
-1038.86
-1038.99
-1039.41
-1039.43
-1039.85
-1040.03
-1040.11
-1040.86
-1042.47
-1043.47
-1044.18
-1045.17
-1045.83
-1046.11
-1046.88
-1048.16
-1048.56
-1048.67
-1049.58
-1049.81
-1050.45
-1050.47
-1050.49
-1051.57
-1052.13
-1052.38
-1052.6
-1052.96
-1053.51
-1054.36
-1054.4
-1054.63
-1055.12
-1055.81
-1056.23
-1056.32
-1056.67
-1057.33
-1057.38
-1057.46
-1057.63
-1057.71
-1058.57
-1059.61
-1059.65
-1059.96
-1059.99
-1060.06
-1060.21
-1060.32
-1060.98
-1061.54
-1062.06
-1064.12
-1065.04
-1065.08
-1066.53
-1066.8
-1067.98
-1068.06
-1068.22
-1068.26
-1068.62
-1071.17
-1071.91
-1071.98
-1072.11
-1072.23
-1073.83
-1074.25
-1074.94
-1075.06
-1075.47
-1075.85
-1076.32
-1076.38
-1078
-1078.01
-1078.21
-1078.25
-1078.69
-1080.88
-1080.92
-1081.59
-1081.65
-1082
-1083.46
-1083.47
-1083.68
-1083.72
-1086.43
-1086.53
-1086.71
-1088.49
-1088.53
-1088.92
-1088.96
-1089
-1089.43
-1089.8
-1089.84
-1090.01
-1090.91
-1090.92
-1091.35
-1091.83
-1092.4
-1092.79
-1093.01
-1093.17
-1093.41
-1095.08
-1095.92
-1096.23
-1096.25
-1096.29
-1096.37
-1098.44
-1100.39
-1100.4
-1100.59
-1100.74
-1100.74
-1101.16
-1101.59
-1101.63
-1102.22
-1102.38
-1102.64
-1102.8
-1103.13
-1103.27
-1103.33
-1104.59
-1104.78
-1104.96
-1106
-1106.54
-1106.55
-1107.09
-1108.09
-1109.1
-1109.51
-1109.51
-1109.59
-1109.65
-1109.67
-1110.13
-1110.68
-1110.84
-1112.05
-1112.74
-1112.75
-1113.68
-1114.19
-1114.76
-1115.35
-1115.55
-1115.73
-1117.21
-1117.56
-1117.78
-1117.82
-1118.68
-1118.82
-1119.34
-1119.39
-1119.85
-1120.65
-1120.7
-1120.84
-1121.51
-1122.4
-1125.04
-1125.12
-1126.52
-1127.83
-1128.87
-1128.89
-1129.42
-1130.06
-1130.96
-1131.7
-1132.11
-1133.05
-1133.14
-1133.2
-1133.21
-1133.95
-1134.04
-1134.15
-1134.69
-1134.7
-1136.29
-1137.73
-1138.82
-1140.04
-1140.14
-1141.54
-1141.99
-1142.96
-1143.06
-1143.31
-1143.73
-1143.96
-1144.12
-1144.39
-1144.79
-1145.88
-1145.99
-1147.14
-1147.19
-1147.41
-1147.59
-1147.68
-1147.71
-1148.55
-1149.1
-1149.76
-1150.65
-1151.24
-1151.84
-1155.02
-1155.06
-1155.56
-1156.26
-1156.35
-1156.61
-1157
-1157.05
-1157.11
-1157.43
-1157.6
-1158.02
-1158.67
-1159.36
-1160.65
-1161.59
-1162.28
-1162.38
-1162.38
-1162.49
-1163.19
-1165
-1165.28
-1166.19
-1166.68
-1168.5
-1169.1
-1169.43
-1169.96
-1170.27
-1171.18
-1171.28
-1171.54
-1172.71
-1173
-1173.35
-1174.24
-1175.17
-1175.5
-1175.52
-1176.51
-1177.48
-1177.73
-1178
-1179.96
-1180
-1180.29
-1180.68
-1181.14
-1181.72
-1182.42
-1182.89
-1183.21
-1184.38
-1185.74
-1186.91
-1187.43
-1187.94
-1188.5
-1190.96
-1191.87
-1193.17
-1193.59
-1193.89
-1194
-1195.97
-1196.78
-1197.9
-1197.96
-1198.05
-1198.17
-1198.39
-1198.91
-1199.38
-1199.62
-1199.68
-1201.4
-1201.61
-1201.87
-1203
-1203.12
-1203.41
-1203.6
-1203.77
-1204.04
-1204.18
-1204.81
-1205.41
-1206.69
-1208.1
-1208.31
-1209.55
-1209.68
-1209.84
-1211.29
-1211.54
-1211.57
-1212.57
-1212.9
-1212.97
-1213.49
-1213.71
-1213.76
-1216.01
-1216.48
-1216.76
-1217.17
-1217.42
-1217.68
-1217.81
-1217.86
-1219.36
-1219.38
-1220.42
-1221.12
-1222.65
-1223.38
-1223.43
-1224.38
-1225.19
-1225.26
-1225.87
-1226.05
-1226.35
-1228
-1228.03
-1228.58
-1229.27
-1230.22
-1232.7
-1233.1
-1233.64
-1233.84
-1234.1
-1235.49
-1236.05
-1236.72
-1238.06
-1238.28
-1240.14
-1240.2
-1240.29
-1240.46
-1240.99
-1241.26
-1241.82
-1243.14
-1243.16
-1243.49
-1247.09
-1247.18
-1247.38
-1247.73
-1248.46
-1248.95
-1250.45
-1250.59
-1250.98
-1251.42
-1252.48
-1254
-1255.47
-1256.24
-1257.48
-1257.52
-1258.52
-1258.72
-1258.98
-1259.2
-1259.38
-1259.48
-1260.03
-1260.33
-1260.58
-1260.64
-1262.53
-1264.5
-1264.74
-1265.72
-1267.19
-1267.23
-1267.37
-1272.29
-1273.48
-1273.75
-1274
-1274.16
-1275.07
-1275.21
-1276.96
-1279.36
-1280.01
-1281.53
-1282.02
-1283.25
-1283.57
-1284.76
-1284.83
-1284.99
-1285.6
-1286.49
-1288.15
-1288.31
-1288.39
-1289.03
-1289.31
-1292.14
-1292.37
-1292.66
-1294.32
-1295.11
-1295.52
-1295.76
-1296.7
-1298.83
-1299.62
-1300.57
-1301.34
-1302
-1303.96
-1304.35
-1305.26
-1306.91
-1307.47
-1307.52
-1307.6
-1307.86
-1308.3
-1308.77
-1308.89
-1309.9
-1310.07
-1310.31
-1310.8
-1312.38
-1313.78
-1314.08
-1314.12
-1314.39
-1314.61
-1314.65
-1314.83
-1315.97
-1316.27
-1319.7
-1319.9
-1319.91
-1320.09
-1320.5
-1321.13
-1321.34
-1321.47
-1321.69
-1322.1
-1322.36
-1322.53
-1322.96
-1323.05
-1323.19
-1323.56
-1323.74
-1323.91
-1324.12
-1324.14
-1324.83
-1326.05
-1326.28
-1326.54
-1326.89
-1329.52
-1329.72
-1329.92
-1330.1
-1331.14
-1331.48
-1331.67
-1333.13
-1334.18
-1334.32
-1337
-1337.28
-1337.76
-1338.92
-1338.98
-1339.12
-1339.15
-1339.24
-1339.51
-1339.61
-1340.48
-1340.89
-1342.31
-1343
-1345.3
-1345.58
-1346.62
-1346.94
-1348.74
-1349
-1350.12
-1350.97
-1351.79
-1352.33
-1352.63
-1355.4
-1356.07
-1357.42
-1357.69
-1359.39
-1359.48
-1359.48
-1360.89
-1361.44
-1362.24
-1364.38
-1364.47
-1364.81
-1365.35
-1366.25
-1366.78
-1367.37
-1368.17
-1368.56
-1369.9
-1370.21
-1370.76
-1371.24
-1371.98
-1374.16
-1376.62
-1378.89
-1381.21
-1381.59
-1381.88
-1382.03
-1382.6
-1384.84
-1385.14
-1385.2
-1386.22
-1387.11
-1388.58
-1389.97
-1390.59
-1391.43
-1391.69
-1391.74
-1392.46
-1392.81
-1394.16
-1394.33
-1395.52
-1395.59
-1396.22
-1396.43
-1396.46
-1396.8
-1397.43
-1397.8
-1399.49
-1399.74
-1400.57
-1401.54
-1401.55
-1401.82
-1401.88
-1402.27
-1402.5
-1402.69
-1403.89
-1405.16
-1405.71
-1407.2
-1407.8
-1408.19
-1409.82
-1410.84
-1411.83
-1414.2
-1415.17
-1416.04
-1417.7
-1418.83
-1418.93
-1419.19
-1419.27
-1419.65
-1421
-1421.07
-1421.75
-1422.04
-1422.06
-1424.59
-1424.96
-1425.16
-1426.52
-1427.07
-1427.73
-1427.76
-1428.46
-1429.52
-1431.5
-1431.9
-1432.44
-1434.43
-1436.09
-1436.94
-1438.95
-1439.6
-1440
-1440.23
-1440.25
-1440.25
-1440.47
-1441
-1441.28
-1441.92
-1442.05
-1442.47
-1443.12
-1443.87
-1443.89
-1444.37
-1444.67
-1445.59
-1445.72
-1445.88
-1447.1
-1447.22
-1448.35
-1449.37
-1449.38
-1449.55
-1450.3
-1450.67
-1450.76
-1450.92
-1451.29
-1452.59
-1452.7
-1453.32
-1453.64
-1454.08
-1455.3
-1455.62
-1455.97
-1456.63
-1456.67
-1456.98
-1457.11
-1458.35
-1458.71
-1460.24
-1460.32
-1460.35
-1461.97
-1462.6
-1462.76
-1463.8
-1464.96
-1465.38
-1465.74
-1465.94
-1468
-1468.88
-1468.96
-1469.77
-1470.37
-1471.15
-1471.85
-1472.79
-1473.16
-1473.18
-1474.31
-1474.51
-1474.57
-1474.92
-1475.83
-1476.06
-1476.15
-1476.44
-1476.7
-1476.71
-1480.42
-1481
-1482.37
-1482.49
-1483.92
-1484.89
-1485.67
-1486.94
-1488.33
-1489.07
-1489.14
-1489.26
-1489.97
-1491.75
-1492.06
-1492.23
-1492.34
-1493.89
-1494.13
-1494.13
-1494.64
-1496.35
-1496.68
-1497.56
-1498.21
-1500.73
-1501.32
-1501.85
-1503.12
-1503.29
-1503.55
-1506.05
-1508.82
-1511.46
-1512.92
-1514.32
-1515
-1515.04
-1515.87
-1516.57
-1517.63
-1517.83
-1518.58
-1520
-1520.81
-1521.63
-1522.46
-1524.4
-1524.97
-1525.44
-1526.12
-1526.51
-1527.65
-1528.63
-1529.36
-1529.46
-1529.54
-1531
-1531.45
-1531.58
-1534.71
-1534.75
-1534.89
-1535.63
-1537.82
-1539.1
-1540.08
-1541.49
-1541.51
-1542.11
-1542.46
-1543.16
-1544.49
-1545
-1546.51
-1546.88
-1547.92
-1549.47
-1552.07
-1554.65
-1555
-1555.04
-1555.06
-1559.29
-1559.6
-1561.05
-1561.6
-1564.26
-1565.05
-1565.57
-1569.78
-1572.13
-1572.15
-1572.45
-1574.39
-1574.45
-1575.35
-1576.17
-1576.76
-1578.32
-1578.73
-1578.76
-1582.02
-1582.28
-1587.15
-1587.25
-1587.8
-1589
-1589.56
-1590.32
-1590.5
-1591.02
-1595.04
-1599.87
-1601.14
-1601.27
-1603.22
-1604.17
-1604.21
-1604.71
-1605.45
-1605.76
-1607.3
-1610.23
-1610.59
-1611
-1611.33
-1611.89
-1614.67
-1615.72
-1615.8
-1616.5
-1616.51
-1616.75
-1617.37
-1618.09
-1618.39
-1620.65
-1620.67
-1621.67
-1622.03
-1623.5
-1624.15
-1624.16
-1624.73
-1625.36
-1627.07
-1632
-1636
-1637.51
-1638.26
-1639.13
-1639.91
-1642.63
-1643.49
-1647.81
-1650.31
-1650.62
-1651.11
-1652.88
-1653.55
-1654.09
-1656.43
-1656.54
-1656.62
-1659.17
-1659.31
-1659.85
-1660.09
-1662.6
-1664.56
-1666.73
-1668.66
-1670.28
-1671.16
-1671.92
-1673.37
-1674.34
-1674.73
-1675.21
-1676.31
-1679.41
-1679.8
-1681.37
-1682.8
-1685.8
-1686.02
-1686.95
-1687.75
-1687.88
-1688.24
-1688.45
-1692.46
-1693.47
-1695.02
-1695.29
-1695.62
-1695.83
-1699.71
-1699.84
-1701.33
-1702.43
-1702.45
-1707.08
-1708.12
-1709.67
-1712
-1712.31
-1713.57
-1714.6
-1720.2
-1722
-1722.97
-1723.19
-1724.35
-1724.61
-1725.53
-1729.89
-1730.9
-1731.87
-1732.95
-1734.32
-1735.72
-1736.2
-1737.08
-1738.05
-1738.95
-1739.31
-1742.46
-1745.87
-1746.55
-1749.38
-1754.6
-1755.23
-1755.96
-1756.92
-1757.66
-1759.12
-1760.27
-1760.77
-1765.33
-1765.87
-1766.14
-1769.45
-1769.89
-1775.14
-1775.53
-1775.76
-1775.83
-1778.36
-1779.16
-1779.93
-1780.97
-1781.97
-1782.86
-1783.12
-1784.4
-1784.6
-1785.85
-1786.38
-1788.44
-1789.24
-1791.12
-1791.59
-1792.1
-1796.04
-1800.45
-1803.32
-1806.24
-1806.74
-1807.67
-1810.1
-1810.33
-1810.54
-1812.27
-1812.96
-1813.43
-1814.08
-1815.11
-1816
-1817.26
-1817.92
-1824.52
-1825.89
-1826.75
-1828.18
-1831.69
-1832.76
-1834.04
-1834.45
-1835.18
-1836.13
-1838.47
-1838.56
-1840.89
-1841.11
-1841.16
-1841.51
-1842.2
-1844.55
-1845.5
-1846.06
-1846.53
-1847.02
-1847.96
-1848.12
-1853.24
-1854.45
-1855.26
-1855.5
-1857.86
-1859.48
-1860.78
-1860.87
-1861.13
-1864.33
-1866.33
-1866.94
-1868.5
-1868.65
-1869.87
-1870.71
-1870.81
-1871.7
-1872.77
-1873.42
-1875.17
-1876.78
-1877.61
-1878.06
-1878.38
-1880.8
-1881.23
-1882.25
-1887.29
-1887.31
-1888.13
-1888.52
-1888.59
-1890.14
-1891.87
-1893.6
-1894.33
-1895.8
-1896.96
-1898.92
-1899.57
-1900.47
-1901
-1901.11
-1901.44
-1901.89
-1901.9
-1902.47
-1905.23
-1905.29
-1905.36
-1908.37
-1910.42
-1910.87
-1911
-1911.67
-1912.29
-1912.9
-1914.18
-1915.53
-1918.4
-1919.85
-1922.53
-1923.88
-1924.64
-1925.48
-1926.09
-1927.95
-1931.18
-1932.67
-1934
-1934.25
-1934.28
-1935.52
-1937.83
-1939.22
-1941.35
-1943.2
-1943.94
-1946.8
-1946.89
-1948.78
-1952.54
-1952.84
-1953.53
-1954.35
-1954.43
-1956.25
-1957.25
-1958.43
-1960.06
-1964.06
-1965.39
-1966.29
-1966.51
-1966.93
-1967.14
-1967.28
-1969.08
-1971.63
-1974.24
-1974.69
-1979.74
-1979.89
-1980.41
-1981.3
-1983.23
-1983.92
-1984.05
-1990.48
-1993.47
-1995.44
-1996.03
-1996.05
-1996.26
-1996.43
-1996.9
-1997.09
-2001.94
-2001.96
-2002.04
-2002.87
-2003.6
-2006.08
-2007.94
-2008.32
-2008.35
-2010.42
-2010.68
-2011.55
-2011.97
-2016.55
-2020.19
-2020.4
-2026.47
-2026.71
-2029.07
-2031.11
-2033.12
-2033.87
-2036
-2040.24
-2045.14
-2045.76
-2046.93
-2049.02
-2049.33
-2050.83
-2051.23
-2052
-2053.23
-2053.93
-2056.93
-2057.71
-2057.95
-2065.33
-2066.6
-2067.78
-2068.64
-2069
-2073
-2073.23
-2075.22
-2076.77
-2081.09
-2084.9
-2089.95
-2091.84
-2092.85
-2093.17
-2093.78
-2094.36
-2095.93
-2096.83
-2096.85
-2098.11
-2100.73
-2101.56
-2103.57
-2104.2
-2106.15
-2106.33
-2108.91
-2110.15
-2110.37
-2111.43
-2116.3
-2116.36
-2116.5
-2117.31
-2118.63
-2118.76
-2119.71
-2123.5
-2125.56
-2127.25
-2128
-2129.09
-2131.14
-2131.63
-2131.76
-2134
-2137.02
-2145.38
-2146.45
-2146.48
-2147.81
-2152.06
-2152.72
-2154.9
-2156.22
-2156.72
-2158.71
-2161.56
-2162
-2163.66
-2168.46
-2169.47
-2172.44
-2173.67
-2173.68
-2182.39
-2182.89
-2184.74
-2186.76
-2186.92
-2188.86
-2189.97
-2192.43
-2196.19
-2196.65
-2198.18
-2199.2
-2200
-2202.59
-2203.25
-2204.39
-2210.32
-2212.5
-2213.76
-2215.38
-2215.69
-2222.69
-2222.79
-2225.44
-2225.47
-2227
-2227.86
-2231.83
-2231.85
-2233.1
-2234
-2234.09
-2239.26
-2241.39
-2242.06
-2242.22
-2248.5
-2248.67
-2248.72
-2251.38
-2251.6
-2254.54
-2261.28
-2262.54
-2263.46
-2265.36
-2267.33
-2269.56
-2269.94
-2271.75
-2273.54
-2273.72
-2273.8
-2275.44
-2279
-2281.31
-2283.56
-2284.09
-2286
-2289.86
-2293.88
-2294.16
-2294.7
-2295.43
-2298.44
-2300.25
-2301.06
-2302.28
-2311.26
-2312.15
-2313.09
-2316.44
-2317.85
-2318.78
-2321
-2324.23
-2325.32
-2326.51
-2326.52
-2330.81
-2331.07
-2333.43
-2339.16
-2341.26
-2344.16
-2346.05
-2347.95
-2355.33
-2355.79
-2356.35
-2358.55
-2359.25
-2359.71
-2361.93
-2362.85
-2366.76
-2368.38
-2372.61
-2372.78
-2373.39
-2374.26
-2376.22
-2378.11
-2379.26
-2381.08
-2381.9
-2382.13
-2383.68
-2384.34
-2387.25
-2391.44
-2391.48
-2395.89
-2397.83
-2400.12
-2400.96
-2408.1
-2408.33
-2411.67
-2412.24
-2413.61
-2414.49
-2414.74
-2414.79
-2417.38
-2420.17
-2421.61
-2428.77
-2430.94
-2435.89
-2437.57
-2445.08
-2445.1
-2445.19
-2445.72
-2447.03
-2451.12
-2451.39
-2451.67
-2451.83
-2452.69
-2453.43
-2455.08
-2455.95
-2459.2
-2459.92
-2462.42
-2463.44
-2465.35
-2465.86
-2468.71
-2472.73
-2477.52
-2478.08
-2479.59
-2483.77
-2487.14
-2488.39
-2490
-2490.56
-2499.32
-2500.21
-2503.58
-2508.5
-2510.9
-2516.74
-2528.5
-2528.62
-2536.9
-2537.97
-2540.46
-2548.27
-2553.38
-2555.78
-2555.93
-2557.3
-2559.31
-2565
-2565.03
-2567.68
-2568.56
-2570.22
-2574.14
-2577.14
-2581.53
-2581.87
-2583.93
-2588.29
-2589.54
-2590.03
-2593.03
-2595.26
-2598.83
-2599.08
-2601.11
-2601.12
-2602.19
-2615.52
-2619.88
-2624.83
-2632.86
-2633.39
-2635.27
-2635.27
-2637.35
-2638.05
-2639
-2640.33
-2644.48
-2648.57
-2648.8
-2651.38
-2651.78
-2655.97
-2656.34
-2678.5
-2684.58
-2687.21
-2687.35
-2690.67
-2698.5
-2701.37
-2704.1
-2707.77
-2710.79
-2711.07
-2714.52
-2727.56
-2727.78
-2729
-2731.2
-2734.4
-2738.21
-2742.53
-2743.06
-2750.21
-2751.83
-2757.38
-2761.88
-2768.85
-2772.71
-2773.7
-2775.56
-2776.13
-2777.47
-2793.97
-2796.3
-2797.67
-2802.5
-2806.22
-2815.82
-2816.33
-2827.91
-2829.09
-2832.64
-2834.76
-2838.22
-2842.52
-2856.25
-2862.19
-2863.41
-2865.73
-2866.4
-2872.63
-2872.64
-2883
-2886
-2888.26
-2888.37
-2889.11
-2905.62
-2928.33
-2931.89
-2932.27
-2942
-2946.87
-2949.36
-2957.27
-2961.48
-2965
-2975.8
-2977.24
-2979.56
-2990.1
-2992.23
-2992.64
-2993.26
-2997.77
-2997.81
-3009.04
-3014.73
-3015.5
-3020.95
-3024.87
-3039.17
-3039.81
-3045.08
-3047.44
-3048.58
-3051.68
-3056.6
-3061.41
-3062
-3064.32
-3071.71
-3073.09
-3079.17
-3084.86
-3088.5
-3091.87
-3099.64
-3100.57
-3101.78
-3102.63
-3106.56
-3110.96
-3111.12
-3116.56
-3119.56
-3123.77
-3124.79
-3126.32
-3129.5
-3129.8
-3133.19
-3135.36
-3136.47
-3136.79
-3137.67
-3143.33
-3144.13
-3164.25
-3170.71
-3175.21
-3175.25
-3175.43
-3179.17
-3180.61
-3188.12
-3192.83
-3196.17
-3203.41
-3204.63
-3210.63
-3212.9
-3214.57
-3220.23
-3221.39
-3230.38
-3230.59
-3243.48
-3243.67
-3247.52
-3251.25
-3251.36
-3258.06
-3267.28
-3268.3
-3270.03
-3270.47
-3277.56
-3277.96
-3281.53
-3283.04
-3283.44
-3285
-3292.33
-3294.31
-3300.69
-3302.43
-3308.88
-3310.3
-3316.53
-3322.89
-3323.76
-3325.5
-3325.83
-3337.37
-3338.95
-3342.52
-3349.08
-3358.67
-3362.35
-3363.71
-3364.7
-3365.81
-3367.72
-3382.55
-3383.6
-3385.19
-3386.22
-3386.59
-3392.95
-3397.6
-3406.15
-3410.87
-3415.17
-3418.67
-3423.94
-3425.41
-3429.17
-3431.11
-3431.33
-3434.69
-3440.35
-3443.55
-3448.2
-3451.61
-3460.64
-3464.1
-3467.42
-3469
-3478.93
-3485.41
-3489.53
-3501.06
-3509.59
-3514.64
-3520.08
-3526.43
-3528.13
-3535.08
-3536.89
-3540.17
-3541.36
-3555.68
-3560.62
-3560.87
-3562.58
-3563.26
-3573.62
-3580.67
-3585.08
-3589.26
-3596.3
-3599.23
-3599.32
-3618
-3624.5
-3635.04
-3636.56
-3642
-3645.92
-3650.26
-3655.18
-3658.73
-3660.64
-3670.3
-3679.57
-3683.07
-3687.47
-3697.5
-3698.78
-3703.33
-3710.7
-3718.35
-3735.58
-3744.9
-3748.04
-3748.5
-3749.17
-3749.88
-3752.73
-3756.13
-3763.33
-3772.15
-3783.38
-3788.5
-3788.53
-3790.38
-3792.84
-3797.25
-3799.43
-3801.78
-3806
-3808.7
-3814.75
-3815.73
-3819.5
-3821.88
-3826.57
-3839.38
-3839.86
-3846.44
-3851.88
-3874.43
-3881.67
-3885.86
-3895.43
-3897.12
-3898.52
-3900.88
-3909.73
-3922.19
-3929
-3938.47
-3952.5
-3969.87
-3972.75
-3976.88
-3980.59
-3993
-3999.32
-4003.87
-4011.4
-4021.08
-4037.14
-4040.83
-4046
-4051.43
-4072.75
-4073.12
-4075.27
-4075.29
-4096.46
-4098.44
-4115.33
-4130.95
-4131.9
-4151.75
-4152.75
-4153.76
-4163.32
-4165.81
-4169.24
-4170.18
-4171.2
-4183.18
-4184.64
-4195.18
-4196
-4213.65
-4213.73
-4214.13
-4221.76
-4224.82
-4236.5
-4237.75
-4254.24
-4254.38
-4255.11
-4265.62
-4267.43
-4281.72
-4283.47
-4284.83
-4294.55
-4301.85
-4302.35
-4306.45
-4307.76
-4314.8
-4317.5
-4317.7
-4328.09
-4334.22
-4340.11
-4342
-4362
-4369.89
-4401.5
-4408.29
-4413.18
-4415.5
-4421.5
-4425.62
-4426.67
-4428.88
-4430.89
-4447.47
-4458
-4499.65
-4502.59
-4503.25
-4513.07
-4515.73
-4516.7
-4527
-4528
-4535.32
-4539.33
-4540.38
-4545
-4563.55
-4590.71
-4598.17
-4633.72
-4656.29
-4672.76
-4687.82
-4695
-4723
-4727.7
-4735.35
-4735.75
-4737
-4743.5
-4774.71
-4792.15
-4793.92
-4796.79
-4816.82
-4819.59
-4833
-4850.33
-4855
-4855.67
-4877.5
-4879
-4907.67
-4911.42
-4916.09
-4921
-4930.25
-4930.46
-4930.5
-4933.47
-4954.09
-4965.6
-4966.6
-4972.28
-4984.83
-4991
-5000.46
-5004.89
-5008.33
-5036.86
-5038.07
-5064
-5067.38
-5094.33
-5110.47
-5131.42
-5139.61
-5141.35
-5147.85
-5154.18
-5158.44
-5168.21
-5173.17
-5183.83
-5204
-5204.31
-5212.62
-5212.78
-5246.44
-5251.07
-5268.56
-5276.59
-5286.82
-5325.65
-5325.69
-5329.69
-5342.33
-5350.41
-5356.2
-5384.06
-5385.7
-5397
-5401
-5414.25
-5418.58
-5421.4
-5429.71
-5434
-5437.75
-5438
-5442.13
-5474.62
-5474.78
-5481.38
-5488
-5497.17
-5513.33
-5522.93
-5525.75
-5554.9
-5570.24
-5579.65
-5593.7
-5602.36
-5623.5
-5623.86
-5640.33
-5646.13
-5681.29
-5689.08
-5697.25
-5703.08
-5722.25
-5746.6
-5769.92
-5809.5
-5810.87
-5820.13
-5821.12
-5830
-5830
-5837
-5838.85
-5848.62
-5888.44
-5907
-5909.87
-5946.19
-5947.25
-5997
-6006.87
-6029.12
-6041.1
-6074
-6085.25
-6107.25
-6116.67
-6122.38
-6127.69
-6168.83
-6168.93
-6175.71
-6204.08
-6210.33
-6216.5
-6223
-6236.87
-6246.75
-6263
-6324.13
-6324.27
-6325.11
-6325.2
-6329.45
-6363.2
-6430.2
-6455.69
-6457.67
-6506.57
-6519.33
-6548.57
-6569.67
-6575.25
-6576.18
-6578.69
-6584.71
-6613.27
-6616.11
-6688.33
-6705.5
-6748.22
-6794.5
-6804.77
-6832.75
-6837.71
-6842.77
-6993.82
-7056.73
-7100.75
-7106
-7155.3
-7184.85
-7304.54
-7313.33
-7336.45
-7342.9
-7364
-7365.1
-7451.31
-7452.69
-7473.36
-7474.23
-7476.5
-7517.82
-7535.85
-7548.91
-7609.23
-7694
-7707.89
-7759.75
-7765.11
-7772.62
-7781.56
-7862.55
-7863.5
-7915.62
-7926.22
-7955.92
-7980.88
-8002.78
-8013.22
-8025.73
-8036.25
-8052
-8058.57
-8064.55
-8066.8
-8068.55
-8074.62
-8083.88
-8111.25
-8141.33
-8148
-8178.67
-8183
-8222.33
-8238.25
-8266.83
-8328.5
-8349.1
-8367.5
-8399
-8415
-8415.25
-8425.17
-8425.25
-8451.71
-8486.7
-8488.1
-8501.67
-8545.29
-8554
-8603
-8603.67
-8605
-8685.75
-8789.33
-8792.12
-8815.17
-8856
-8857.25
-8870
-8891.6
-8922.8
-8925
-8946
-8969
-8988.12
-8995.62
-9031.25
-9087.27
-9095.33
-9132
-9192.2
-9194
-9250.5
-9289.7
-9376.2
-9421.3
-9424
-9456.5
-9518.5
-9560
-9566.29
-9573.22
-9576.17
-9702.67
-9735
-9760.5
-9761
-9840
-9873.83
-9913.62
-9914.33
-9971
-10027
-10033.1
-10050.5
-10070.7
-10100.8
-10105.5
-10114.2
-10132.2
-10179
-10314.8
-10328.4
-10355.3
-10397.2
-10423.3
-10443.6
-10448.6
-10527.7
-10552.2
-10589.8
-10664.4
-10699.2
-10743
-10756
-10820.8
-10823.4
-10826.7
-10865.3
-10876.8
-10981.9
-11239.8
-11306.7
-11317
-11430
-11631
-11654.6
-11736.3
-11813.9
-11856
-11927.1
-12130.1
-12253.5
-12327.3
-12360
-12452.1
-12649.3
-12672.4
-12679.2
-12723.5
-12795.2
-12809
-12904.8
-12924.9
-12943.4
-12944.8
-12946
-13012.7
-13033.2
-13034
-13153.8
-13164.3
-13230.4
-13276.3
-13458.1
-13472.6
-13502
-13628
-13653
-13668.6
-13675
-13683.4
-13723.4
-13783.5
-13919.5
-13985.5
-13998.7
-14059
-14167
-14349
-14363.3
-14469.7
-14511.6
-14704.5
-14712.2
-14750
-14812.2
-14874
-15152.7
-15293
-15398
-15485.4
-15683
-15781.8
-16051.7
-16070
-16448
-17421.7
-17489.2
-17718.2
-17964.4
-18042
-18137.5
-18369
-18578.4
-18650.5
-18913.6
-18946.8
-19165.5
-19261.5
-19339.5
-19491.7
-19636.6
-19773
-19955.6
-20138
-20189.7
-20212.8
-20354.8
-20446
-20500
-20516.5
-20557
-20650
-21273
-21444
-21640
-21888
-21936.5
-22040
-22051
-22225
-22579.2
-22641.5
-22752.5
-23125
-23405.5
-23425.3
-23536
-23684.3
-23905.8
-24089
-24545
-24596.5
-24668
-24954.5
-25051
-25170
-25510.5
-26320
-26341
-26355.3
-26508.5
-26637.5
-27465.5
-28316
-28759.7
-29537.7
-29725.3
-29826.3
-30152.7
-30202.7
-30859.5
-31139
-31336
-31770
-31800.5
-31872.5
-32371
-32450
-32511.5
-32860.5
-33090.7
-33338
-34066
-34250
-37855
-38168
-39225
-39907
-39950
-40352
-41302
-42393.5
-46132
-46885.5
-47055
-47718.5
-47763
-48068
-48274
-48898.5
-49481
-49639.5
-49720.5
-54592
-56841
-58425
-59043
-60508
-63252
-66828
-69315
-72452
-72600
-75390
-76546
-76659
-77934
-83040
-85244
-87417
-88155
-89147
-89634
-90781
-91244
-92739
-93253
-93632
