-98878
-93632
-93253
-92739
-91244
-90781
-89634
-89147
-88155
-87417
-85244
-83040
-77934
-76659
-76546
-75390
-72600
-72452
-69315
-66828
-63252
-60508
-59043
-58425
-56841
-54592
-49720.5
-49639.5
-49481
-48898.5
-48274
-48068
-47763
-47718.5
-47055
-46885.5
-46132
-42393.5
-41302
-40352
-39950
-39907
-39225
-38168
-37855
-34250
-34066
-33338
-33090.7
-32860.5
-32511.5
-32450
-32371
-31872.5
-31800.5
-31770
-31336
-31139
-30859.5
-30202.7
-30152.7
-29826.3
-29725.3
-29537.7
-28759.7
-28316
-27465.5
-26637.5
-26508.5
-26355.3
-26341
-26320
-25510.5
-25170
-25051
-24954.5
-24668
-24596.5
-24545
-24089
-23905.8
-23684.3
-23536
-23425.3
-23405.5
-23125
-22752.5
-22641.5
-22579.2
-22225
-22051
-22040
-21936.5
-21888
-21640
-21444
-21273
-20650
-20557
-20516.5
-20500
-20446
-20354.8
-20212.8
-20189.7
-20138
-19955.6
-19773
-19636.6
-19491.7
-19339.5
-19261.5
-19165.5
-18946.8
-18913.6
-18650.5
-18578.4
-18369
-18137.5
-18042
-17964.4
-17718.2
-17489.2
-17421.7
-16448
-16070
-16051.7
-15781.8
-15683
-15485.4
-15398
-15293
-15152.7
-14874
-14812.2
-14750
-14712.2
-14704.5
-14511.6
-14469.7
-14363.3
-14349
-14167
-14059
-13998.7
-13985.5
-13919.5
-13783.5
-13723.4
-13683.4
-13675
-13668.6
-13653
-13628
-13502
-13472.6
-13458.1
-13276.3
-13230.4
-13164.3
-13153.8
-13034
-13033.2
-13012.7
-12946
-12944.8
-12943.4
-12924.9
-12904.8
-12809
-12795.2
-12723.5
-12679.2
-12672.4
-12649.3
-12452.1
-12360
-12327.3
-12253.5
-12130.1
-11927.1
-11856
-11813.9
-11736.3
-11654.6
-11631
-11430
-11317
-11306.7
-11239.8
-10981.9
-10876.8
-10865.3
-10826.7
-10823.4
-10820.8
-10756
-10743
-10699.2
-10664.4
-10589.8
-10552.2
-10527.7
-10448.6
-10443.6
-10423.3
-10397.2
-10355.3
-10328.4
-10314.8
-10179
-10132.2
-10114.2
-10105.5
-10100.8
-10070.7
-10050.5
-10033.1
-10027
-9971
-9914.33
-9913.62
-9873.83
-9840
-9761
-9760.5
-9735
-9702.67
-9576.17
-9573.22
-9566.29
-9560
-9518.5
-9456.5
-9424
-9421.3
-9376.2
-9289.7
-9250.5
-9194
-9192.2
-9132
-9095.33
-9087.27
-9031.25
-8995.62
-8988.12
-8969
-8946
-8925
-8922.8
-8891.6
-8870
-8857.25
-8856
-8815.17
-8792.12
-8789.33
-8685.75
-8605
-8603.67
-8603
-8554
-8545.29
-8501.67
-8488.1
-8486.7
-8451.71
-8425.25
-8425.17
-8415.25
-8415
-8399
-8367.5
-8349.1
-8328.5
-8266.83
-8238.25
-8222.33
-8183
-8178.67
-8148
-8141.33
-8111.25
-8083.88
-8074.62
-8068.55
-8066.8
-8064.55
-8058.57
-8052
-8036.25
-8025.73
-8013.22
-8002.78
-7980.88
-7955.92
-7926.22
-7915.62
-7863.5
-7862.55
-7781.56
-7772.62
-7765.11
-7759.75
-7707.89
-7694
-7609.23
-7548.91
-7535.85
-7517.82
-7476.5
-7474.23
-7473.36
-7452.69
-7451.31
-7365.1
-7364
-7342.9
-7336.45
-7313.33
-7304.54
-7184.85
-7155.3
-7106
-7100.75
-7056.73
-6993.82
-6842.77
-6837.71
-6832.75
-6804.77
-6794.5
-6748.22
-6705.5
-6688.33
-6616.11
-6613.27
-6584.71
-6578.69
-6576.18
-6575.25
-6569.67
-6548.57
-6519.33
-6506.57
-6457.67
-6455.69
-6430.2
-6363.2
-6329.45
-6325.2
-6325.11
-6324.27
-6324.13
-6263
-6246.75
-6236.87
-6223
-6216.5
-6210.33
-6204.08
-6175.71
-6168.93
-6168.83
-6127.69
-6122.38
-6116.67
-6107.25
-6085.25
-6074
-6041.1
-6029.12
-6006.87
-5997
-5947.25
-5946.19
-5909.87
-5907
-5888.44
-5848.62
-5838.85
-5837
-5830
-5830
-5821.12
-5820.13
-5810.87
-5809.5
-5769.92
-5746.6
-5722.25
-5703.08
-5697.25
-5689.08
-5681.29
-5646.13
-5640.33
-5623.86
-5623.5
-5602.36
-5593.7
-5579.65
-5570.24
-5554.9
-5525.75
-5522.93
-5513.33
-5497.17
-5488
-5481.38
-5474.78
-5474.62
-5442.13
-5438
-5437.75
-5434
-5429.71
-5421.4
-5418.58
-5414.25
-5401
-5397
-5385.7
-5384.06
-5356.2
-5350.41
-5342.33
-5329.69
-5325.69
-5325.65
-5286.82
-5276.59
-5268.56
-5251.07
-5246.44
-5212.78
-5212.62
-5204.31
-5204
-5183.83
-5173.17
-5168.21
-5158.44
-5154.18
-5147.85
-5141.35
-5139.61
-5131.42
-5110.47
-5094.33
-5067.38
-5064
-5038.07
-5036.86
-5008.33
-5004.89
-5000.46
-4991
-4984.83
-4972.28
-4966.6
-4965.6
-4954.09
-4933.47
-4930.5
-4930.46
-4930.25
-4921
-4916.09
-4911.42
-4907.67
-4879
-4877.5
-4855.67
-4855
-4850.33
-4833
-4819.59
-4816.82
-4796.79
-4793.92
-4792.15
-4774.71
-4743.5
-4737
-4735.75
-4735.35
-4727.7
-4723
-4695
-4687.82
-4672.76
-4656.29
-4633.72
-4598.17
-4590.71
-4563.55
-4545
-4540.38
-4539.33
-4535.32
-4528
-4527
-4516.7
-4515.73
-4513.07
-4503.25
-4502.59
-4499.65
-4458
-4447.47
-4430.89
-4428.88
-4426.67
-4425.62
-4421.5
-4415.5
-4413.18
-4408.29
-4401.5
-4369.89
-4362
-4342
-4340.11
-4334.22
-4328.09
-4317.7
-4317.5
-4314.8
-4307.76
-4306.45
-4302.35
-4301.85
-4294.55
-4284.83
-4283.47
-4281.72
-4267.43
-4265.62
-4255.11
-4254.38
-4254.24
-4237.75
-4236.5
-4224.82
-4221.76
-4214.13
-4213.73
-4213.65
-4196
-4195.18
-4184.64
-4183.18
-4171.2
-4170.18
-4169.24
-4165.81
-4163.32
-4153.76
-4152.75
-4151.75
-4131.9
-4130.95
-4115.33
-4098.44
-4096.46
-4075.29
-4075.27
-4073.12
-4072.75
-4051.43
-4046
-4040.83
-4037.14
-4021.08
-4011.4
-4003.87
-3999.32
-3993
-3980.59
-3976.88
-3972.75
-3969.87
-3952.5
-3938.47
-3929
-3922.19
-3909.73
-3900.88
-3898.52
-3897.12
-3895.43
-3885.86
-3881.67
-3874.43
-3851.88
-3846.44
-3839.86
-3839.38
-3826.57
-3821.88
-3819.5
-3815.73
-3814.75
-3808.7
-3806
-3801.78
-3799.43
-3797.25
-3792.84
-3790.38
-3788.53
-3788.5
-3783.38
-3772.15
-3763.33
-3756.13
-3752.73
-3749.88
-3749.17
-3748.5
-3748.04
-3744.9
-3735.58
-3718.35
-3710.7
-3703.33
-3698.78
-3697.5
-3687.47
-3683.07
-3679.57
-3670.3
-3660.64
-3658.73
-3655.18
-3650.26
-3645.92
-3642
-3636.56
-3635.04
-3624.5
-3618
-3599.32
-3599.23
-3596.3
-3589.26
-3585.08
-3580.67
-3573.62
-3563.26
-3562.58
-3560.87
-3560.62
-3555.68
-3541.36
-3540.17
-3536.89
-3535.08
-3528.13
-3526.43
-3520.08
-3514.64
-3509.59
-3501.06
-3489.53
-3485.41
-3478.93
-3469
-3467.42
-3464.1
-3460.64
-3451.61
-3448.2
-3443.55
-3440.35
-3434.69
-3431.33
-3431.11
-3429.17
-3425.41
-3423.94
-3418.67
-3415.17
-3410.87
-3406.15
-3397.6
-3392.95
-3386.59
-3386.22
-3385.19
-3383.6
-3382.55
-3367.72
-3365.81
-3364.7
-3363.71
-3362.35
-3358.67
-3349.08
-3342.52
-3338.95
-3337.37
-3325.83
-3325.5
-3323.76
-3322.89
-3316.53
-3310.3
-3308.88
-3302.43
-3300.69
-3294.31
-3292.33
-3285
-3283.44
-3283.04
-3281.53
-3277.96
-3277.56
-3270.47
-3270.03
-3268.3
-3267.28
-3258.06
-3251.36
-3251.25
-3247.52
-3243.67
-3243.48
-3230.59
-3230.38
-3221.39
-3220.23
-3214.57
-3212.9
-3210.63
-3204.63
-3203.41
-3196.17
-3192.83
-3188.12
-3180.61
-3179.17
-3175.43
-3175.25
-3175.21
-3170.71
-3164.25
-3144.13
-3143.33
-3137.67
-3136.79
-3136.47
-3135.36
-3133.19
-3129.8
-3129.5
-3126.32
-3124.79
-3123.77
-3119.56
-3116.56
-3111.12
-3110.96
-3106.56
-3102.63
-3101.78
-3100.57
-3099.64
-3091.87
-3088.5
-3084.86
-3079.17
-3073.09
-3071.71
-3064.32
-3062
-3061.41
-3056.6
-3051.68
-3048.58
-3047.44
-3045.08
-3039.81
-3039.17
-3024.87
-3020.95
-3015.5
-3014.73
-3009.04
-2997.81
-2997.77
-2993.26
-2992.64
-2992.23
-2990.1
-2979.56
-2977.24
-2975.8
-2965
-2961.48
-2957.27
-2949.36
-2946.87
-2942
-2932.27
-2931.89
-2928.33
-2905.62
-2889.11
-2888.37
-2888.26
-2886
-2883
-2872.64
-2872.63
-2866.4
-2865.73
-2863.41
-2862.19
-2856.25
-2842.52
-2838.22
-2834.76
-2832.64
-2829.09
-2827.91
-2816.33
-2815.82
-2806.22
-2802.5
-2797.67
-2796.3
-2793.97
-2777.47
-2776.13
-2775.56
-2773.7
-2772.71
-2768.85
-2761.88
-2757.38
-2751.83
-2750.21
-2743.06
-2742.53
-2738.21
-2734.4
-2731.2
-2729
-2727.78
-2727.56
-2714.52
-2711.07
-2710.79
-2707.77
-2704.1
-2701.37
-2698.5
-2690.67
-2687.35
-2687.21
-2684.58
-2678.5
-2656.34
-2655.97
-2651.78
-2651.38
-2648.8
-2648.57
-2644.48
-2640.33
-2639
-2638.05
-2637.35
-2635.27
-2635.27
-2633.39
-2632.86
-2624.83
-2619.88
-2615.52
-2602.19
-2601.12
-2601.11
-2599.08
-2598.83
-2595.26
-2593.03
-2590.03
-2589.54
-2588.29
-2583.93
-2581.87
-2581.53
-2577.14
-2574.14
-2570.22
-2568.56
-2567.68
-2565.03
-2565
-2559.31
-2557.3
-2555.93
-2555.78
-2553.38
-2548.27
-2540.46
-2537.97
-2536.9
-2528.62
-2528.5
-2516.74
-2510.9
-2508.5
-2503.58
-2500.21
-2499.32
-2490.56
-2490
-2488.39
-2487.14
-2483.77
-2479.59
-2478.08
-2477.52
-2472.73
-2468.71
-2465.86
-2465.35
-2463.44
-2462.42
-2459.92
-2459.2
-2455.95
-2455.08
-2453.43
-2452.69
-2451.83
-2451.67
-2451.39
-2451.12
-2447.03
-2445.72
-2445.19
-2445.1
-2445.08
-2437.57
-2435.89
-2430.94
-2428.77
-2421.61
-2420.17
-2417.38
-2414.79
-2414.74
-2414.49
-2413.61
-2412.24
-2411.67
-2408.33
-2408.1
-2400.96
-2400.12
-2397.83
-2395.89
-2391.48
-2391.44
-2387.25
-2384.34
-2383.68
-2382.13
-2381.9
-2381.08
-2379.26
-2378.11
-2376.22
-2374.26
-2373.39
-2372.78
-2372.61
-2368.38
-2366.76
-2362.85
-2361.93
-2359.71
-2359.25
-2358.55
-2356.35
-2355.79
-2355.33
-2347.95
-2346.05
-2344.16
-2341.26
-2339.16
-2333.43
-2331.07
-2330.81
-2326.52
-2326.51
-2325.32
-2324.23
-2321
-2318.78
-2317.85
-2316.44
-2313.09
-2312.15
-2311.26
-2302.28
-2301.06
-2300.25
-2298.44
-2295.43
-2294.7
-2294.16
-2293.88
-2289.86
-2286
-2284.09
-2283.56
-2281.31
-2279
-2275.44
-2273.8
-2273.72
-2273.54
-2271.75
-2269.94
-2269.56
-2267.33
-2265.36
-2263.46
-2262.54
-2261.28
-2254.54
-2251.6
-2251.38
-2248.72
-2248.67
-2248.5
-2242.22
-2242.06
-2241.39
-2239.26
-2234.09
-2234
-2233.1
-2231.85
-2231.83
-2227.86
-2227
-2225.47
-2225.44
-2222.79
-2222.69
-2215.69
-2215.38
-2213.76
-2212.5
-2210.32
-2204.39
-2203.25
-2202.59
-2200
-2199.2
-2198.18
-2196.65
-2196.19
-2192.43
-2189.97
-2188.86
-2186.92
-2186.76
-2184.74
-2182.89
-2182.39
-2173.68
-2173.67
-2172.44
-2169.47
-2168.46
-2163.66
-2162
-2161.56
-2158.71
-2156.72
-2156.22
-2154.9
-2152.72
-2152.06
-2147.81
-2146.48
-2146.45
-2145.38
-2137.02
-2134
-2131.76
-2131.63
-2131.14
-2129.09
-2128
-2127.25
-2125.56
-2123.5
-2119.71
-2118.76
-2118.63
-2117.31
-2116.5
-2116.36
-2116.3
-2111.43
-2110.37
-2110.15
-2108.91
-2106.33
-2106.15
-2104.2
-2103.57
-2101.56
-2100.73
-2098.11
-2096.85
-2096.83
-2095.93
-2094.36
-2093.78
-2093.17
-2092.85
-2091.84
-2089.95
-2084.9
-2081.09
-2076.77
-2075.22
-2073.23
-2073
-2069
-2068.64
-2067.78
-2066.6
-2065.33
-2057.95
-2057.71
-2056.93
-2053.93
-2053.23
-2052
-2051.23
-2050.83
-2049.33
-2049.02
-2046.93
-2045.76
-2045.14
-2040.24
-2036
-2033.87
-2033.12
-2031.11
-2029.07
-2026.71
-2026.47
-2020.4
-2020.19
-2016.55
-2011.97
-2011.55
-2010.68
-2010.42
-2008.35
-2008.32
-2007.94
-2006.08
-2003.6
-2002.87
-2002.04
-2001.96
-2001.94
-1997.09
-1996.9
-1996.43
-1996.26
-1996.05
-1996.03
-1995.44
-1993.47
-1990.48
-1984.05
-1983.92
-1983.23
-1981.3
-1980.41
-1979.89
-1979.74
-1974.69
-1974.24
-1971.63
-1969.08
-1967.28
-1967.14
-1966.93
-1966.51
-1966.29
-1965.39
-1964.06
-1960.06
-1958.43
-1957.25
-1956.25
-1954.43
-1954.35
-1953.53
-1952.84
-1952.54
-1948.78
-1946.89
-1946.8
-1943.94
-1943.2
-1941.35
-1939.22
-1937.83
-1935.52
-1934.28
-1934.25
-1934
-1932.67
-1931.18
-1927.95
-1926.09
-1925.48
-1924.64
-1923.88
-1922.53
-1919.85
-1918.4
-1915.53
-1914.18
-1912.9
-1912.29
-1911.67
-1911
-1910.87
-1910.42
-1908.37
-1905.36
-1905.29
-1905.23
-1902.47
-1901.9
-1901.89
-1901.44
-1901.11
-1901
-1900.47
-1899.57
-1898.92
-1896.96
-1895.8
-1894.33
-1893.6
-1891.87
-1890.14
-1888.59
-1888.52
-1888.13
-1887.31
-1887.29
-1882.25
-1881.23
-1880.8
-1878.38
-1878.06
-1877.61
-1876.78
-1875.17
-1873.42
-1872.77
-1871.7
-1870.81
-1870.71
-1869.87
-1868.65
-1868.5
-1866.94
-1866.33
-1864.33
-1861.13
-1860.87
-1860.78
-1859.48
-1857.86
-1855.5
-1855.26
-1854.45
-1853.24
-1848.12
-1847.96
-1847.02
-1846.53
-1846.06
-1845.5
-1844.55
-1842.2
-1841.51
-1841.16
-1841.11
-1840.89
-1838.56
-1838.47
-1836.13
-1835.18
-1834.45
-1834.04
-1832.76
-1831.69
-1828.18
-1826.75
-1825.89
-1824.52
-1817.92
-1817.26
-1816
-1815.11
-1814.08
-1813.43
-1812.96
-1812.27
-1810.54
-1810.33
-1810.1
-1807.67
-1806.74
-1806.24
-1803.32
-1800.45
-1796.04
-1792.1
-1791.59
-1791.12
-1789.24
-1788.44
-1786.38
-1785.85
-1784.6
-1784.4
-1783.12
-1782.86
-1781.97
-1780.97
-1779.93
-1779.16
-1778.36
-1775.83
-1775.76
-1775.53
-1775.14
-1769.89
-1769.45
-1766.14
-1765.87
-1765.33
-1760.77
-1760.27
-1759.12
-1757.66
-1756.92
-1755.96
-1755.23
-1754.6
-1749.38
-1746.55
-1745.87
-1742.46
-1739.31
-1738.95
-1738.05
-1737.08
-1736.2
-1735.72
-1734.32
-1732.95
-1731.87
-1730.9
-1729.89
-1725.53
-1724.61
-1724.35
-1723.19
-1722.97
-1722
-1720.2
-1714.6
-1713.57
-1712.31
-1712
-1709.67
-1708.12
-1707.08
-1702.45
-1702.43
-1701.33
-1699.84
-1699.71
-1695.83
-1695.62
-1695.29
-1695.02
-1693.47
-1692.46
-1688.45
-1688.24
-1687.88
-1687.75
-1686.95
-1686.02
-1685.8
-1682.8
-1681.37
-1679.8
-1679.41
-1676.31
-1675.21
-1674.73
-1674.34
-1673.37
-1671.92
-1671.16
-1670.28
-1668.66
-1666.73
-1664.56
-1662.6
-1660.09
-1659.85
-1659.31
-1659.17
-1656.62
-1656.54
-1656.43
-1654.09
-1653.55
-1652.88
-1651.11
-1650.62
-1650.31
-1647.81
-1643.49
-1642.63
-1639.91
-1639.13
-1638.26
-1637.51
-1636
-1632
-1627.07
-1625.36
-1624.73
-1624.16
-1624.15
-1623.5
-1622.03
-1621.67
-1620.67
-1620.65
-1618.39
-1618.09
-1617.37
-1616.75
-1616.51
-1616.5
-1615.8
-1615.72
-1614.67
-1611.89
-1611.33
-1611
-1610.59
-1610.23
-1607.3
-1605.76
-1605.45
-1604.71
-1604.21
-1604.17
-1603.22
-1601.27
-1601.14
-1599.87
-1595.04
-1591.02
-1590.5
-1590.32
-1589.56
-1589
-1587.8
-1587.25
-1587.15
-1582.28
-1582.02
-1578.76
-1578.73
-1578.32
-1576.76
-1576.17
-1575.35
-1574.45
-1574.39
-1572.45
-1572.15
-1572.13
-1569.78
-1565.57
-1565.05
-1564.26
-1561.6
-1561.05
-1559.6
-1559.29
-1555.06
-1555.04
-1555
-1554.65
-1552.07
-1549.47
-1547.92
-1546.88
-1546.51
-1545
-1544.49
-1543.16
-1542.46
-1542.11
-1541.51
-1541.49
-1540.08
-1539.1
-1537.82
-1535.63
-1534.89
-1534.75
-1534.71
-1531.58
-1531.45
-1531
-1529.54
-1529.46
-1529.36
-1528.63
-1527.65
-1526.51
-1526.12
-1525.44
-1524.97
-1524.4
-1522.46
-1521.63
-1520.81
-1520
-1518.58
-1517.83
-1517.63
-1516.57
-1515.87
-1515.04
-1515
-1514.32
-1512.92
-1511.46
-1508.82
-1506.05
-1503.55
-1503.29
-1503.12
-1501.85
-1501.32
-1500.73
-1498.21
-1497.56
-1496.68
-1496.35
-1494.64
-1494.13
-1494.13
-1493.89
-1492.34
-1492.23
-1492.06
-1491.75
-1489.97
-1489.26
-1489.14
-1489.07
-1488.33
-1486.94
-1485.67
-1484.89
-1483.92
-1482.49
-1482.37
-1481
-1480.42
-1476.71
-1476.7
-1476.44
-1476.15
-1476.06
-1475.83
-1474.92
-1474.57
-1474.51
-1474.31
-1473.18
-1473.16
-1472.79
-1471.85
-1471.15
-1470.37
-1469.77
-1468.96
-1468.88
-1468
-1465.94
-1465.74
-1465.38
-1464.96
-1463.8
-1462.76
-1462.6
-1461.97
-1460.35
-1460.32
-1460.24
-1458.71
-1458.35
-1457.11
-1456.98
-1456.67
-1456.63
-1455.97
-1455.62
-1455.3
-1454.08
-1453.64
-1453.32
-1452.7
-1452.59
-1451.29
-1450.92
-1450.76
-1450.67
-1450.3
-1449.55
-1449.38
-1449.37
-1448.35
-1447.22
-1447.1
-1445.88
-1445.72
-1445.59
-1444.67
-1444.37
-1443.89
-1443.87
-1443.12
-1442.47
-1442.05
-1441.92
-1441.28
-1441
-1440.47
-1440.25
-1440.25
-1440.23
-1440
-1439.6
-1438.95
-1436.94
-1436.09
-1434.43
-1432.44
-1431.9
-1431.5
-1429.52
-1428.46
-1427.76
-1427.73
-1427.07
-1426.52
-1425.16
-1424.96
-1424.59
-1422.06
-1422.04
-1421.75
-1421.07
-1421
-1419.65
-1419.27
-1419.19
-1418.93
-1418.83
-1417.7
-1416.04
-1415.17
-1414.2
-1411.83
-1410.84
-1409.82
-1408.19
-1407.8
-1407.2
-1405.71
-1405.16
-1403.89
-1402.69
-1402.5
-1402.27
-1401.88
-1401.82
-1401.55
-1401.54
-1400.57
-1399.74
-1399.49
-1397.8
-1397.43
-1396.8
-1396.46
-1396.43
-1396.22
-1395.59
-1395.52
-1394.33
-1394.16
-1392.81
-1392.46
-1391.74
-1391.69
-1391.43
-1390.59
-1389.97
-1388.58
-1387.11
-1386.22
-1385.2
-1385.14
-1384.84
-1382.6
-1382.03
-1381.88
-1381.59
-1381.21
-1378.89
-1376.62
-1374.16
-1371.98
-1371.24
-1370.76
-1370.21
-1369.9
-1368.56
-1368.17
-1367.37
-1366.78
-1366.25
-1365.35
-1364.81
-1364.47
-1364.38
-1362.24
-1361.44
-1360.89
-1359.48
-1359.48
-1359.39
-1357.69
-1357.42
-1356.07
-1355.4
-1352.63
-1352.33
-1351.79
-1350.97
-1350.12
-1349
-1348.74
-1346.94
-1346.62
-1345.58
-1345.3
-1343
-1342.31
-1340.89
-1340.48
-1339.61
-1339.51
-1339.24
-1339.15
-1339.12
-1338.98
-1338.92
-1337.76
-1337.28
-1337
-1334.32
-1334.18
-1333.13
-1331.67
-1331.48
-1331.14
-1330.1
-1329.92
-1329.72
-1329.52
-1326.89
-1326.54
-1326.28
-1326.05
-1324.83
-1324.14
-1324.12
-1323.91
-1323.74
-1323.56
-1323.19
-1323.05
-1322.96
-1322.53
-1322.36
-1322.1
-1321.69
-1321.47
-1321.34
-1321.13
-1320.5
-1320.09
-1319.91
-1319.9
-1319.7
-1316.27
-1315.97
-1314.83
-1314.65
-1314.61
-1314.39
-1314.12
-1314.08
-1313.78
-1312.38
-1310.8
-1310.31
-1310.07
-1309.9
-1308.89
-1308.77
-1308.3
-1307.86
-1307.6
-1307.52
-1307.47
-1306.91
-1305.26
-1304.35
-1303.96
-1302
-1301.34
-1300.57
-1299.62
-1298.83
-1296.7
-1295.76
-1295.52
-1295.11
-1294.32
-1292.66
-1292.37
-1292.14
-1289.31
-1289.03
-1288.39
-1288.31
-1288.15
-1286.49
-1285.6
-1284.99
-1284.83
-1284.76
-1283.57
-1283.25
-1282.02
-1281.53
-1280.01
-1279.36
-1276.96
-1275.21
-1275.07
-1274.16
-1274
-1273.75
-1273.48
-1272.29
-1267.37
-1267.23
-1267.19
-1265.72
-1264.74
-1264.5
-1262.53
-1260.64
-1260.58
-1260.33
-1260.03
-1259.48
-1259.38
-1259.2
-1258.98
-1258.72
-1258.52
-1257.52
-1257.48
-1256.24
-1255.47
-1254
-1252.48
-1251.42
-1250.98
-1250.59
-1250.45
-1248.95
-1248.46
-1247.73
-1247.38
-1247.18
-1247.09
-1243.49
-1243.16
-1243.14
-1241.82
-1241.26
-1240.99
-1240.46
-1240.29
-1240.2
-1240.14
-1238.28
-1238.06
-1236.72
-1236.05
-1235.49
-1234.1
-1233.84
-1233.64
-1233.1
-1232.7
-1230.22
-1229.27
-1228.58
-1228.03
-1228
-1226.35
-1226.05
-1225.87
-1225.26
-1225.19
-1224.38
-1223.43
-1223.38
-1222.65
-1221.12
-1220.42
-1219.38
-1219.36
-1217.86
-1217.81
-1217.68
-1217.42
-1217.17
-1216.76
-1216.48
-1216.01
-1213.76
-1213.71
-1213.49
-1212.97
-1212.9
-1212.57
-1211.57
-1211.54
-1211.29
-1209.84
-1209.68
-1209.55
-1208.31
-1208.1
-1206.69
-1205.41
-1204.81
-1204.18
-1204.04
-1203.77
-1203.6
-1203.41
-1203.12
-1203
-1201.87
-1201.61
-1201.4
-1199.68
-1199.62
-1199.38
-1198.91
-1198.39
-1198.17
-1198.05
-1197.96
-1197.9
-1196.78
-1195.97
-1194
-1193.89
-1193.59
-1193.17
-1191.87
-1190.96
-1188.5
-1187.94
-1187.43
-1186.91
-1185.74
-1184.38
-1183.21
-1182.89
-1182.42
-1181.72
-1181.14
-1180.68
-1180.29
-1180
-1179.96
-1178
-1177.73
-1177.48
-1176.51
-1175.52
-1175.5
-1175.17
-1174.24
-1173.35
-1173
-1172.71
-1171.54
-1171.28
-1171.18
-1170.27
-1169.96
-1169.43
-1169.1
-1168.5
-1166.68
-1166.19
-1165.28
-1165
-1163.19
-1162.49
-1162.38
-1162.38
-1162.28
-1161.59
-1160.65
-1159.36
-1158.67
-1158.02
-1157.6
-1157.43
-1157.11
-1157.05
-1157
-1156.61
-1156.35
-1156.26
-1155.56
-1155.06
-1155.02
-1151.84
-1151.24
-1150.65
-1149.76
-1149.1
-1148.55
-1147.71
-1147.68
-1147.59
-1147.41
-1147.19
-1147.14
-1145.99
-1145.88
-1144.79
-1144.39
-1144.12
-1143.96
-1143.73
-1143.31
-1143.06
-1142.96
-1141.99
-1141.54
-1140.14
-1140.04
-1138.82
-1137.73
-1136.29
-1134.7
-1134.69
-1134.15
-1134.04
-1133.95
-1133.21
-1133.2
-1133.14
-1133.05
-1132.11
-1131.7
-1130.96
-1130.06
-1129.42
-1128.89
-1128.87
-1127.83
-1126.52
-1125.12
-1125.04
-1122.4
-1121.51
-1120.84
-1120.7
-1120.65
-1119.85
-1119.39
-1119.34
-1118.82
-1118.68
-1117.82
-1117.78
-1117.56
-1117.21
-1115.73
-1115.55
-1115.35
-1114.76
-1114.19
-1113.68
-1112.75
-1112.74
-1112.05
-1110.84
-1110.68
-1110.13
-1109.67
-1109.65
-1109.59
-1109.51
-1109.51
-1109.1
-1108.09
-1107.09
-1106.55
-1106.54
-1106
-1104.96
-1104.78
-1104.59
-1103.33
-1103.27
-1103.13
-1102.8
-1102.64
-1102.38
-1102.22
-1101.63
-1101.59
-1101.16
-1100.74
-1100.74
-1100.59
-1100.4
-1100.39
-1098.44
-1096.37
-1096.29
-1096.25
-1096.23
-1095.92
-1095.08
-1093.41
-1093.17
-1093.01
-1092.79
-1092.4
-1091.83
-1091.35
-1090.92
-1090.91
-1090.01
-1089.84
-1089.8
-1089.43
-1089
-1088.96
-1088.92
-1088.53
-1088.49
-1086.71
-1086.53
-1086.43
-1083.72
-1083.68
-1083.47
-1083.46
-1082
-1081.65
-1081.59
-1080.92
-1080.88
-1078.69
-1078.25
-1078.21
-1078.01
-1078
-1076.38
-1076.32
-1075.85
-1075.47
-1075.06
-1074.94
-1074.25
-1073.83
-1072.23
-1072.11
-1071.98
-1071.91
-1071.17
-1068.62
-1068.26
-1068.22
-1068.06
-1067.98
-1066.8
-1066.53
-1065.08
-1065.04
-1064.12
-1062.06
-1061.54
-1060.98
-1060.32
-1060.21
-1060.06
-1059.99
-1059.96
-1059.65
-1059.61
-1058.57
-1057.71
-1057.63
-1057.46
-1057.38
-1057.33
-1056.67
-1056.32
-1056.23
-1055.81
-1055.12
-1054.63
-1054.4
-1054.36
-1053.51
-1052.96
-1052.6
-1052.38
-1052.13
-1051.57
-1050.49
-1050.47
-1050.45
-1049.81
-1049.58
-1048.67
-1048.56
-1048.16
-1046.88
-1046.11
-1045.83
-1045.17
-1044.18
-1043.47
-1042.47
-1040.86
-1040.11
-1040.03
-1039.85
-1039.43
-1039.41
-1038.99
-1038.86
-1038.6
-1038.41
-1037.78
-1037.15
-1036.43
-1035.76
-1034.79
-1034.19
-1033.91
-1033.81
-1032.48
-1032.44
-1031.05
-1030.6
-1029.64
-1029.43
-1028.96
-1028.63
-1028.56
-1028.49
-1028.03
-1027.8
-1027.52
-1027.29
-1026.74
-1026.5
-1025.99
-1025.34
-1025.06
-1024.94
-1023.9
-1023.58
-1023.22
-1021.97
-1021.21
-1021.12
-1020.91
-1020.69
-1020.17
-1020.07
-1020.01
-1019.28
-1018.7
-1018.09
-1018.03
-1017.23
-1017.17
-1016.38
-1016.1
-1015.87
-1015.45
-1015.26
-1014.95
-1014.85
-1014.77
-1014.73
-1014.49
-1014.07
-1013.84
-1013.79
-1013.42
-1013.03
-1012.66
-1011.83
-1011.65
-1011.46
-1011.12
-1011.1
-1010.84
-1010.63
-1010.58
-1010.43
-1010.05
-1009.59
-1009.27
-1008.91
-1008.62
-1008.37
-1008.36
-1006.41
-1006.38
-1006.09
-1005.61
-1005.52
-1005.5
-1005.3
-1004.66
-1003.64
-1003.5
-1003.15
-1002.92
-1002.91
-1002.11
-1002
-1001.79
-1001.53
-1001.43
-1001.34
-1000.81
-1000.74
-1000.03
-999.842
-999.31
-998.569
-998.348
-998.068
-997.956
-997.552
-997.179
-997
-996.596
-996.394
-995.785
-995.711
-995.482
-995.011
-994.957
-994.312
-993.141
-993.11
-993.055
-992.955
-992.694
-992.512
-991.857
-991.274
-990.775
-990.763
-989.984
-989.872
-989.302
-988.567
-987.941
-987.765
-985.208
-985.122
-984.972
-984.465
-984.333
-982.725
-982.63
-982.029
-981.253
-981.075
-980.808
-980.339
-980.075
-979.423
-979.136
-978.6
-977.64
-977.272
-976.421
-976.275
-975.516
-973.712
-973
-972.831
-972.672
-972.435
-972.222
-972.207
-972.1
-971.25
-970.949
-970.559
-970.494
-970.381
-970.364
-969.982
-969.977
-969.931
-969.769
-969.09
-968.654
-967.609
-967.274
-965.944
-965.333
-965.254
-965.092
-964.708
-964.529
-963.745
-962.98
-962.591
-962.438
-962.253
-961.841
-961.372
-960.773
-960.455
-959.789
-959.096
-958.632
-958.227
-957.727
-957.371
-956.021
-955.971
-955.596
-955.538
-955.103
-954.913
-954.706
-954.674
-954.226
-953.967
-953.845
-953.359
-953.154
-953.145
-952.4
-952.229
-951.884
-951.854
-951.755
-950.831
-949.922
-949.177
-947.225
-946.244
-945.681
-945.484
-945.369
-945.333
-944.947
-944.492
-944.413
-944.41
-942.96
-941.97
-941.903
-941.763
-941.75
-941.719
-940.828
-939.735
-939.731
-938.969
-938.707
-938.476
-937.878
-937.774
-936.965
-936.718
-936.659
-936.227
-936.167
-936.125
-935.795
-935.292
-934
-933.947
-933.538
-933.345
-931.703
-931.55
-931.33
-930.86
-930.645
-930.48
-929.367
-928.901
-928.718
-928.609
-928.541
-928.175
-927.55
-926.83
-926.724
-926.711
-926.302
-926.188
-925.265
-924.625
-924.209
-924
-923.686
-923.55
-923.5
-923.1
-922.368
-921.519
-921.437
-921.081
-920.89
-920.868
-919.977
-919.349
-918.879
-918.484
-918.415
-918.143
-917.465
-916.894
-916.854
-916.098
-916.065
-914.28
-912.602
-912.48
-912.391
-912.31
-911.941
-911.422
-911.333
-911.254
-911.148
-910.897
-910.81
-910.688
-910.22
-909.789
-909.532
-909.306
-908.878
-908.515
-907.844
-907.352
-907.193
-906.836
-905.5
-905.488
-905.426
-905.289
-905.25
-905.22
-903.913
-903.286
-903.244
-902.96
-902.872
-902
-901.889
-901.849
-901.828
-901.712
-901.482
-901.303
-901.157
-900.5
-899.625
-899.5
-899.398
-898.642
-898.313
-897.847
-896.843
-896.511
-895.78
-894.914
-894.865
-894.419
-893.989
-893.971
-893.763
-893.365
-893.25
-892.444
-892.247
-891.944
-890.778
-890.25
-890.153
-889.589
-888.935
-888.808
-888.674
-888.376
-888.258
-888.165
-887.845
-887.812
-887.75
-887.4
-887.271
-887.16
-887.062
-887
-886.681
-886.011
-885.99
-884.815
-884.184
-883.905
-883.397
-883.198
-883.198
-882.487
-881.971
-881.44
-880.412
-880.333
-879.739
-879.227
-878.323
-878.167
-878.092
-877.772
-877.625
-877.463
-877.283
-876.685
-876.684
-876.205
-876.161
-875.79
-875.49
-875.442
-874.312
-874.12
-873.611
-873.121
-872.261
-872.224
-871.831
-871.827
-871.14
-870
-869.5
-868.854
-868.776
-868.037
-866.947
-866.469
-866.237
-866.033
-866.01
-865.391
-865.37
-865.35
-865.157
-865.097
-864.206
-864.182
-864.165
-863.154
-863.012
-862.66
-862
-861.925
-861.909
-861.79
-861.25
-860.83
-860.786
-860.521
-860.144
-860.036
-858.923
-857.625
-857.562
-857.174
-855.958
-855.429
-853.946
-853.885
-852.944
-852.904
-852.367
-852.134
-852.129
-851.602
-851.598
-851.482
-851.438
-851.269
-850.781
-850.082
-849.818
-849.655
-849.528
-849.242
-849.216
-846.83
-846.484
-846.358
-846.017
-845.375
-844.841
-844.111
-843.3
-842.881
-842.618
-841.23
-840.785
-840.645
-840.616
-840.446
-839.927
-839.3
-838.864
-838.623
-838.306
-837.309
-837.242
-836.43
-835.65
-835.629
-835.483
-834.491
-834.458
-834.432
-833.822
-833.484
-833.447
-832.835
-832.681
-832.537
-832.512
-832.319
-832.219
-831.233
-830.298
-830.031
-829.631
-829.279
-829.042
-828.653
-828.36
-827.404
-827.151
-827.089
-827.024
-826.057
-825.897
-825.618
-825.066
-824.817
-824.625
-823.744
-823.443
-823.227
-823.207
-823
-822.597
-822.587
-822.528
-822.5
-822.147
-821.778
-821.16
-820.908
-819.412
-819.389
-819.111
-817.548
-817.043
-815.756
-815.645
-815.102
-814.575
-814.233
-814.077
-813.524
-812.236
-810.929
-810.467
-810.459
-810.412
-810.214
-809.889
-809.357
-809.045
-808.783
-808.197
-807.84
-807.247
-806.915
-806.563
-806.221
-805.91
-805.429
-804.881
-804.099
-803.608
-803.444
-802.861
-802.424
-801.945
-801.788
-801.598
-801.159
-800.657
-800.489
-800.409
-797.567
-797.443
-797.425
-797.319
-797.15
-797.092
-795.966
-795.862
-795.247
-794.705
-793.885
-792.556
-792.44
-792.383
-792.149
-791.75
-790.873
-790.618
-789.5
-789.31
-789.182
-788.733
-788.667
-788.612
-788.565
-788.163
-788.13
-787.827
-787.811
-787.457
-787.247
-786.48
-785.723
-785.296
-784.824
-784.688
-783.595
-782.881
-782.707
-781.822
-781.418
-781.37
-781.271
-781.078
-780.171
-778.397
-778.216
-777.943
-777.646
-777.39
-777.359
-777.01
-776.209
-776.108
-775.915
-775.892
-775.782
-775.702
-775.444
-775.09
-774.95
-774.897
-774.449
-774.165
-773.395
-772.702
-772.647
-771.451
-771.37
-771.346
-771.333
-771.279
-771.053
-770.83
-770.589
-770.576
-770.462
-770.377
-769.398
-766.814
-766.513
-765.67
-764.596
-764.559
-764.529
-764.5
-764.25
-763.975
-763.512
-763.402
-762.978
-762.293
-762
-761.902
-761.35
-760.902
-760.722
-760.551
-760.161
-759.677
-759.477
-758.797
-757.936
-757.593
-757.011
-756.7
-756.383
-756.018
-755.746
-755.59
-755.257
-754.596
-754.125
-752.432
-752.385
-751.886
-751.759
-751.6
-751.518
-749.443
-749.326
-749.293
-749.071
-748.529
-748.426
-748.143
-746.741
-745.953
-745.339
-745.204
-744.88
-744.819
-744.312
-743.537
-743.367
-743.25
-742.471
-742.163
-742.104
-741.825
-741.536
-741.463
-741.202
-740.951
-740.803
-740.707
-740.266
-740.126
-739.619
-739.333
-739.3
-739.133
-739.056
-738.758
-738.341
-738.321
-738.162
-738.127
-737.357
-737.021
-736.526
-736.079
-735.61
-735.286
-734.313
-734.293
-734
-733.537
-733.323
-733.076
-732.651
-730.974
-730.717
-730.708
-730.506
-730.254
-729.698
-729.671
-729.54
-729.274
-729.16
-728.725
-728.324
-726.814
-726.685
-726.609
-725.774
-725.718
-725.412
-725.226
-725.061
-724.062
-722.778
-722.74
-722.479
-722.292
-722.209
-721.057
-720.911
-720.74
-720.406
-720.27
-720.2
-720
-719.48
-719.104
-718.923
-718.9
-718.667
-718.615
-718.51
-718.446
-718.282
-717.86
-717.688
-717.382
-716.328
-716.065
-715.625
-715.538
-715.453
-715.071
-714
-713.893
-713.838
-713.786
-713.486
-712.797
-712.662
-712.438
-712.044
-711.633
-711.031
-710
-709.976
-709.831
-709.719
-708.905
-708.889
-708.848
-708.646
-708.615
-708.145
-707.598
-707.273
-707.185
-706.728
-706.244
-705.719
-705.562
-703.947
-703.859
-703.412
-703.06
-702.775
-702.545
-702.217
-699.941
-699
-698.963
-698.103
-697.632
-697.463
-697.262
-696.904
-696.857
-696.594
-696.333
-694.757
-694.491
-694.407
-694.235
-694.171
-694.15
-694.049
-693.115
-692.648
-691.986
-691.871
-691.537
-691.408
-690.947
-690.829
-690.514
-690.483
-689.899
-689.17
-688.67
-688.537
-688.303
-688.161
-688.16
-687.596
-687.146
-686.978
-685.729
-684.068
-684.022
-683.962
-683.619
-683.375
-683.309
-683.012
-683
-682.643
-682.031
-681.554
-679.4
-678.782
-678.453
-678.13
-677.053
-676.95
-675.895
-675.753
-675.604
-675.483
-674.641
-674.174
-673.744
-672.975
-672.838
-672.835
-672.333
-671.894
-671.359
-670.545
-669.5
-669.2
-668.659
-668.194
-668.179
-668.111
-667.319
-666.816
-666.758
-666.512
-666.282
-666.147
-664.615
-663.788
-663.742
-663.4
-663.051
-662.891
-662.433
-661.933
-661.769
-661.712
-661.273
-661.175
-660.466
-660.09
-660.076
-659.588
-659.222
-659.119
-659.083
-658.667
-658.273
-658.266
-657.127
-656.75
-655.857
-655.371
-654.943
-654.595
-653.828
-653.763
-653.667
-653.532
-652.443
-652.182
-651.741
-651.48
-650.5
-650.289
-650.217
-649.844
-649.557
-649.29
-648.75
-648.468
-648.214
-648.053
-647.52
-646.815
-646.58
-646.485
-643.299
-643.226
-643.213
-642.455
-641.972
-641.457
-641.274
-639.5
-639.282
-639.281
-639.15
-638.84
-638.431
-638.243
-637.833
-637.531
-636.511
-635.794
-635.118
-634.867
-634.488
-634.259
-633.774
-633.064
-631.872
-631.51
-631.316
-631.277
-630.944
-630.826
-630.582
-630.447
-630.3
-630
-628.79
-628.756
-628.382
-628.255
-628.066
-627.9
-627.688
-627.121
-626.671
-626.284
-625.909
-625.259
-624.73
-624.34
-623.986
-623.901
-623.688
-623.547
-622.369
-622.261
-621.671
-621.326
-620.956
-620.919
-620.89
-620.725
-620.175
-619.846
-619.208
-618.908
-618.886
-618.725
-618.486
-618.441
-618
-617.975
-617.959
-617.938
-617.663
-617.405
-617.31
-617.152
-616.68
-616.485
-615.756
-615.688
-615.288
-615.071
-614.899
-614.75
-614.646
-614.583
-613.676
-613.402
-613
-612.824
-612.083
-612.077
-611.945
-611.917
-611.058
-611
-610.932
-610.667
-610.585
-610.06
-609.593
-609.545
-609.258
-608.827
-608.516
-607.945
-607.833
-607.361
-607.315
-606.705
-606.327
-606.309
-605.958
-604.029
-604
-603.52
-603.462
-602.446
-602.4
-602.17
-601.87
-601.491
-601.361
-600.67
-600.211
-600.168
-599.953
-599.939
-599.897
-599.64
-599.375
-599.317
-599.195
-598.576
-598.186
-597.939
-597.907
-597.741
-597.065
-596.602
-595.9
-595.812
-594.663
-594.316
-594.286
-593.687
-591.838
-591.404
-591.262
-591.043
-590.923
-590.491
-589.585
-588.853
-588.702
-588.531
-588.31
-588.283
-588.218
-587.562
-587.37
-587.353
-586.571
-586
-585.5
-585.254
-585.014
-584.786
-584.741
-584.732
-584.522
-584.358
-584.241
-583.636
-583.189
-582.729
-582.386
-581.079
-580.783
-579.847
-579.551
-579.375
-579.297
-578.891
-578.7
-578.698
-578.144
-577.905
-577.877
-574.9
-574.629
-574.282
-573.4
-572.625
-572.409
-572.31
-571.489
-571.443
-571.288
-571.183
-571.098
-570.849
-570.621
-570.48
-570.263
-569.938
-569.913
-569.183
-568.238
-568
-567.977
-567.917
-567.828
-567.475
-567.233
-567.189
-566.724
-566.704
-566.568
-566.261
-566.078
-565.602
-565.506
-565.5
-565.427
-565.167
-564.71
-564.67
-563.808
-563.425
-563.096
-562.658
-562.509
-562.24
-561.815
-561.688
-561.444
-561.312
-559.849
-559
-558.582
-558.549
-558.286
-557.468
-556.75
-555.704
-555.64
-554.697
-554.356
-554.125
-553.794
-553.219
-551.535
-551.37
-551.364
-550.551
-550.538
-549.256
-548.885
-548.295
-548.202
-547.676
-547.634
-547.49
-547.021
-546.436
-546.298
-546.19
-546.17
-545.93
-544.576
-544.409
-543.909
-543.789
-543.239
-542.914
-541.892
-541.258
-541.241
-541
-540.851
-540.558
-540.411
-539.917
-539.667
-539.344
-538.328
-538.071
-537.537
-537.107
-536.922
-536.472
-535.84
-535.416
-534.458
-534.261
-534.143
-533.452
-533.337
-532.906
-532.787
-532.692
-532.459
-532.015
-531.492
-531.444
-531.25
-531.134
-530.894
-530.806
-530.26
-529.868
-529.674
-529.186
-528.21
-527.766
-527.526
-526.923
-526.92
-526.884
-526.811
-526
-525.914
-525.354
-523.882
-523.769
-523.148
-522.415
-522.042
-521.714
-521.543
-521.475
-521.206
-520.667
-520.426
-519.625
-519.575
-519.053
-518.826
-517.986
-517.818
-516.158
-516.048
-515.971
-514.944
-514.338
-514.1
-513.879
-513.269
-513.202
-513.185
-512.905
-512.462
-512.14
-512.1
-512.048
-511.821
-511.418
-511.231
-510.939
-510.75
-510.308
-509.962
-509.205
-509.176
-509.077
-509.018
-508.833
-508.196
-507.517
-506.182
-505.66
-504.659
-504.436
-504.147
-504.026
-503.852
-502.86
-502.808
-502.55
-502.2
-501.371
-501.25
-501
-500.531
-500.411
-500.263
-499.323
-498.895
-498.429
-498.268
-498.113
-497.952
-497.819
-497.295
-496.773
-496.314
-496.123
-495.353
-495.116
-494.92
-494.103
-493.838
-493.627
-493.603
-493.554
-493.283
-492.81
-492.532
-492.5
-492
-491.373
-491.053
-490.836
-490.288
-490.185
-489.944
-489.847
-489.629
-489.515
-488.667
-488.109
-487.902
-487.841
-487.789
-487.532
-487.51
-487.393
-487.269
-487.175
-486.938
-486.876
-486.714
-486.696
-486.694
-486.4
-486
-485.214
-484.753
-484.467
-484.449
-483.565
-483.517
-483.18
-483.14
-482.219
-481.231
-481.157
-480.791
-480.363
-480.132
-480.049
-479.891
-479.468
-478.945
-477.662
-477.08
-476.535
-475.25
-474.25
-473.712
-473.31
-472.971
-472.868
-472.628
-472.18
-472.062
-470.906
-470.884
-470.624
-470.472
-470.427
-470.073
-470.059
-469.133
-469.123
-469.092
-469
-468.864
-468.24
-468.153
-468.137
-468.096
-467.849
-467.724
-467.115
-465.811
-465.667
-465.436
-464.075
-463.87
-463.861
-463.5
-463.406
-463.04
-463
-462.657
-461.37
-461.183
-461.141
-460.298
-459.92
-459.818
-459.295
-459.171
-458.95
-458.667
-458.405
-458.36
-457.987
-457.625
-457.062
-456.173
-456.115
-456.051
-455.863
-455.453
-455.345
-455.107
-455.093
-454.366
-454.226
-454.202
-453.81
-452.769
-452.435
-452.212
-450.8
-450.778
-450.556
-450.346
-450.096
-450
-449.988
-449.836
-448.429
-448.082
-447.784
-447.453
-447.073
-446.814
-446.8
-446.477
-446.313
-446.311
-446.106
-446.094
-443.939
-442.969
-442.458
-442.367
-442.355
-441.912
-441.438
-441.246
-441.228
-441.214
-440.325
-439.982
-439.5
-438.238
-437.806
-437
-436.456
-436.227
-436.197
-435.987
-435.217
-435.127
-434.603
-434.24
-433.548
-432.805
-432.602
-432.355
-431.975
-431.867
-431.647
-431.167
-430.989
-430.9
-430.667
-430.556
-430.394
-429.41
-429.289
-429.075
-428.957
-428.679
-427.842
-427.538
-426.783
-426.72
-425.881
-425.787
-425.3
-424.895
-424.864
-424.637
-424.043
-423.917
-423.765
-423.719
-423.19
-423.038
-422.478
-421.667
-421.286
-421.153
-421
-420.75
-420.086
-419.98
-419.953
-418.896
-418.733
-418.36
-418.19
-418.157
-417.911
-417.24
-417.216
-417.096
-417.052
-416.593
-415.818
-414.227
-414.089
-413.292
-412.875
-412.436
-412.356
-412.278
-411.833
-411.5
-411.469
-410.032
-409.942
-409.457
-409.344
-409.254
-409.143
-408.367
-408.333
-407.429
-407.188
-407.083
-406.857
-406.739
-406.63
-406.036
-405.966
-405.614
-405.562
-404.3
-403.943
-403.689
-403.018
-402.043
-401.786
-401.103
-400.68
-400.37
-399.789
-399.266
-397.812
-397.614
-397.039
-396.828
-396.61
-396.581
-396.273
-396.094
-395.826
-395.714
-395.614
-395.587
-395.167
-394.779
-394.632
-394.586
-393.417
-393.176
-392.279
-392.191
-391.315
-391.145
-391.099
-391.055
-390.781
-390.469
-390.01
-389.961
-389.9
-389.611
-389.556
-388.958
-388.364
-387.787
-386.887
-386.536
-386.52
-385.067
-384.837
-384.726
-384.436
-384.052
-383.958
-381.9
-381.833
-381.675
-381.549
-381.5
-381
-380.886
-380.704
-379.943
-379.929
-379.436
-379.324
-379.277
-379.147
-378.75
-378.29
-378.082
-378.047
-377.652
-377.414
-377.176
-377.162
-377.014
-376.625
-376.371
-375.75
-375.258
-374.767
-373.456
-372.71
-372.612
-372.294
-372.127
-371.2
-371.062
-371.056
-370.864
-370.4
-370.284
-370.237
-370.111
-370.056
-369.677
-369.505
-367.612
-367
-366.865
-366.539
-365.875
-364.734
-364.355
-364.295
-363.467
-363.211
-363.071
-361.418
-359.786
-359.345
-358.944
-358.286
-357.514
-357.321
-356.783
-356.646
-355.961
-355.161
-353.487
-353.184
-353.035
-352.838
-352.808
-351.938
-351.918
-351.495
-351.101
-350.946
-350.835
-350.598
-350.592
-350.421
-349.658
-349.37
-348.697
-348.25
-347.392
-347.048
-346.837
-346.229
-345.61
-345.6
-344.69
-344.286
-344.115
-343.333
-343.194
-342.949
-342.208
-341.591
-341.08
-340.553
-339.8
-339.589
-339.34
-338.873
-338.785
-338.745
-338.697
-337.167
-336.638
-336.12
-335.917
-335.798
-334.67
-334.429
-334.089
-333.835
-333.714
-333.018
-332.622
-332.103
-332.043
-331.585
-331.198
-330.293
-329.774
-329.158
-328.988
-328.261
-327.642
-327.609
-327.068
-326.741
-326.124
-325.511
-325.314
-325.255
-325.093
-324.935
-323.76
-323.704
-323.689
-323.378
-322.968
-322.575
-322.5
-322.49
-322.316
-321.897
-321.778
-320.618
-320.571
-320.12
-319.48
-319.062
-318.969
-318.766
-318.571
-317.523
-317.308
-317.275
-317.016
-317
-316.455
-316.022
-315.292
-314.938
-314.827
-314.798
-313.878
-313.214
-312.985
-312.672
-312.5
-312.415
-312.188
-311.696
-311.446
-311.322
-311.28
-309.8
-308.957
-308.893
-308.727
-307.896
-306.889
-306.838
-306.221
-305.765
-305.221
-304.562
-304.188
-304.083
-303.833
-303.78
-303.677
-303.411
-302.969
-302.596
-302.491
-302.438
-301.968
-301.714
-301.676
-301.636
-301.093
-300.472
-300.052
-300.048
-299.374
-299.298
-298.763
-298.756
-298.208
-298.029
-297.909
-297.509
-296.951
-295.733
-295.728
-295.432
-295.136
-294.353
-293.521
-293.404
-293.364
-292.596
-292.561
-292.512
-292.146
-291.855
-291.738
-291.54
-291.517
-291.236
-291.218
-290.95
-290.318
-290.122
-289.172
-286.895
-286.525
-286.371
-285.941
-285.782
-285
-284.905
-284.515
-284.291
-283.874
-282.75
-282.625
-282.362
-281.989
-281.909
-281.51
-281.404
-281.143
-280.683
-279.476
-279.417
-279.397
-279.382
-279.245
-277.667
-277.42
-276.946
-276.905
-276.797
-276.65
-276.583
-276.455
-275.806
-275.66
-275.352
-275.127
-274.75
-273.955
-273.506
-272.494
-271.978
-271.146
-270.475
-270.287
-269.68
-269.676
-269.344
-268.841
-268.456
-268.326
-268.225
-267.973
-267.579
-267.308
-266.936
-266.66
-266.602
-266.305
-266.155
-265.905
-265.847
-265.571
-265.438
-265.275
-264.987
-264.25
-263.831
-263.765
-263.674
-263.546
-262.582
-262.37
-262.314
-261.727
-260.714
-259.763
-259.698
-259.652
-259.533
-259.519
-258.796
-258.631
-258.459
-257.547
-257.405
-257.345
-257.328
-256.926
-256.77
-256.583
-256.224
-255.9
-255.879
-255.511
-255.333
-254.781
-254.158
-252.6
-252.232
-251.936
-251.7
-249.697
-249.602
-249.553
-249.44
-249.216
-248.554
-248.299
-247.763
-247.491
-247.438
-246.821
-246.349
-245.714
-245.047
-244.337
-243.851
-243.382
-243.188
-242.814
-242.412
-242.19
-241.833
-241.534
-241.415
-241.372
-240.781
-240.419
-240.371
-240.316
-239.844
-239.688
-239.333
-238.854
-236.574
-236.267
-236.182
-235.458
-235.12
-234.556
-234.524
-234.15
-234.037
-233.5
-232.306
-231.753
-231.247
-230.796
-230.228
-230.226
-229.873
-227.351
-226.714
-226.576
-225.935
-225.904
-225.735
-225.311
-225.108
-224.517
-224.357
-222.033
-221.768
-221.761
-221.424
-220.303
-220.182
-219.057
-219.012
-219
-218.027
-217.5
-217.39
-217.299
-216.4
-215.737
-215.714
-215.5
-215.174
-214.855
-214.618
-214.239
-214.148
-213.576
-213.352
-213.041
-213.024
-211.525
-211.324
-211.31
-211.226
-211.125
-209.633
-208.237
-208.152
-208.085
-208.021
-207.871
-207.579
-207.141
-206.942
-206
-205.926
-205.797
-205.604
-205.471
-205.424
-205.28
-205.133
-204.796
-204
-203.761
-203.424
-203.103
-202.909
-202.866
-202.688
-202.036
-201.648
-201.506
-201.422
-201.021
-201
-200.889
-200.387
-200.19
-200.15
-200.038
-200
-198.646
-198.615
-198.473
-197.952
-197.933
-197.667
-197.286
-197.194
-197.189
-197.176
-196.75
-196.458
-196.075
-195.946
-195.125
-194.598
-194.333
-194.196
-194.047
-193.688
-192.589
-192.342
-191.8
-191.453
-191.378
-191.309
-190.949
-190.888
-190.038
-188.659
-188.328
-188.219
-186.889
-186.861
-185.152
-184.915
-184.421
-183.986
-183.941
-183.87
-183.72
-183.362
-183.141
-182.349
-181.909
-180.963
-180.109
-179.468
-179.414
-179.129
-178.101
-177.75
-177.563
-176.789
-176.776
-176.507
-176.478
-176.228
-175.908
-175.873
-175.795
-175.341
-174.766
-174.64
-174.068
-173.965
-173.558
-172.979
-172.81
-172.556
-172.302
-172.082
-171.663
-171.122
-170.941
-170.574
-170.551
-170.506
-170.506
-170.031
-169.802
-169.575
-169.3
-168.604
-168.448
-168.186
-168.158
-166.66
-166.268
-166.045
-165.8
-165.571
-165.045
-164.964
-164.938
-164.878
-164.459
-164.263
-163.638
-163.381
-163.273
-162.907
-162.526
-162.358
-162.154
-162.147
-162.111
-161.17
-161.095
-160.923
-160.894
-160.86
-160.72
-160.222
-158.629
-158.541
-158.5
-158
-157.523
-157.188
-156.565
-154.78
-153.603
-153.304
-153.163
-152.929
-152.885
-151.941
-151.852
-151.843
-151.667
-150.446
-150.444
-150.214
-149.731
-149.413
-148.491
-148.427
-148.403
-147.861
-147.29
-147.185
-147.075
-146.101
-145.703
-145.141
-145
-144.019
-143.179
-142.895
-142.667
-141.5
-140.474
-140.138
-138.988
-138.955
-138.537
-138.12
-138
-137.979
-136.755
-136.64
-136.426
-136.308
-135.859
-135.778
-135.2
-134.811
-134.4
-134
-133.969
-132.453
-132.382
-132.206
-131.414
-131.212
-130.728
-129.745
-129.457
-129.381
-128.981
-128.71
-128.543
-127.837
-127.615
-127
-126.8
-126.677
-125.957
-125.944
-125.93
-125.846
-125.79
-125.28
-124.921
-124.607
-124.149
-123.908
-123.708
-123.7
-123.325
-123.193
-122.449
-122.429
-122.35
-122.316
-121.282
-121.122
-121.032
-120.538
-120
-119.978
-119.8
-119.732
-119.588
-119.458
-118.761
-118.446
-118.426
-118.305
-118.256
-117.593
-117.422
-117.02
-117
-116.988
-116.364
-116.154
-114.202
-114.045
-113.921
-113.692
-113.526
-113.375
-111.425
-111.357
-110.506
-110.32
-110.19
-110.17
-110.05
-109.051
-108.464
-108.247
-107.737
-107.137
-106.898
-106.39
-104.716
-104.163
-104.072
-103.429
-102.312
-101.763
-101.567
-100.805
-100.2
-99.9589
-99.6735
-99.4545
-98.7108
-98.3607
-98.3438
-97.1304
-96.5397
-96.4405
-95.6279
-95.2763
-95.0521
-94.6905
-94.1667
-93.75
-92.9896
-92.8064
-91.7308
-91.5541
-91.4638
-90.2253
-89.5152
-89.0789
-88.979
-88.9355
-88.6667
-87.8462
-87.6585
-87.4262
-85.7455
-84.4795
-84.1429
-84.017
-83.9388
-83.8519
-83.3333
-82.8506
-82.2683
-82.25
-81.931
-81.2727
-80.7312
-80.4024
-80.141
-80.0652
-79.3529
-78.7143
-78.6522
-78.125
-76.8814
-75.8222
-75.8136
-75.1705
-75.1279
-74.2568
-73.1765
-72.9882
-71.6825
-71.5595
-71.0845
-71
-70.875
-70.7436
-69.9565
-69.9423
-69.5231
-69.2892
-69.0526
-69.0103
-67.8372
-67.75
-67.3696
-67.1467
-66.5417
-66.5417
-66.2381
-66.2135
-64.5455
-64.4189
-64.1099
-63.4535
-62.9091
-62.8353
-62.6667
-62.625
-62.4667
-62.2588
-62.1905
-61.6207
-61.4432
-60.9512
-60.3421
-60.1324
-60.1224
-60.0746
-60.0606
-58.9192
-58.7308
-57.9775
-57.6053
-57.3846
-57.2459
-57.0909
-56.2267
-56.0879
-55.2267
-54.5595
-54.0968
-53.1724
-52.9841
-52.6406
-51.8977
-51.8261
-51.7333
-51.7179
-51.7143
-50.3889
-49.6786
-49.4032
-49.2872
-49.2059
-47.9104
-47.3205
-46.3095
-45.8367
-45.8064
-45.4824
-45.4474
-44.954
-44.9383
-44.8608
-44.5352
-44.4694
-44.2857
-44.0417
-44.0385
-43.6667
-43.5979
-43.3913
-42.9333
-42.9043
-42.8125
-42.5263
-41.7791
-41.4667
-41.1728
-41.1552
-39.5765
-39.4086
-38.6
-38.1585
-38.093
-37.6875
-37.4
-37.3462
-37.2976
-37.0143
-36.9798
-36.8353
-36.7024
-36.6837
-36.381
-35.8182
-34.67
-34.1667
-33.7188
-33.4583
-33.3913
-31.8378
-31.7407
-31.4872
-31.443
-30.6667
-30.4478
-29.9231
-27.9444
-27.7674
-27.7241
-27.4948
-27.3636
-27.2414
-27.0842
-27
-26.9333
-26.8194
-26.6598
-25.7831
-25.5238
-24.6375
-24.0533
-23.7816
-23.4861
-23.3175
-23.125
-22.6538
-22.6494
-22.4
-21.5778
-19.913
-19.9038
-19.69
-17.9014
-17.6406
-16.7826
-16.7347
-16.0267
-15.3333
-15.2152
-15.2143
-15.2115
-14.9192
-14.7955
-14.5455
-14.375
-14.3158
-13.9574
-12.1915
-11.6226
-10.338
-10.1304
-9.97297
-9.74074
-9.5641
-9.11429
-8.38636
-8.09231
-8.08772
-7.79518
-6.54902
-6.29167
-5.79592
-5.69231
-5.27397
-4.08696
-4.03371
-3.95652
-3.5974
-3.58209
-2.57143
-2.56962
-2.27
-1.98864
-1.78
-1.40789
-0.754717
-0.706522
-0.225
-0.037037
0.318681
0.540984
0.957447
1.5
2.12903
2.82353
3.21569
3.50633
3.67568
3.95455
4.20588
4.31034
4.33333
4.65625
4.80702
5.35789
6.28409
6.32292
6.60526
7.35088
7.63514
7.69091
7.8
7.84848
7.86207
8.62222
8.64
8.91304
8.93103
9.01333
9.59155
11.1034
11.2935
11.619
12.2791
12.3559
12.527
12.7547
12.7778
12.9538
13.0541
13.0581
13.131
13.7321
15.0816
15.2917
15.5495
15.6901
16.359
16.4565
16.8043
16.8448
17.137
17.6508
18
18.9714
19.087
19.2143
19.359
19.4154
21.1548
21.5217
21.7297
22.1364
24.1183
25.3908
25.4648
25.5968
25.6211
26.0864
26.7692
27.7931
28.1978
28.7059
28.8197
29.2105
29.2759
29.3448
29.9
30.5517
30.6452
30.6957
33.1111
33.2235
33.3433
33.4023
33.4468
33.8889
34.4557
35.2615
36.5
37.3061
37.6977
38.7283
38.7586
39.2424
39.5625
41.03
41.2444
41.3297
41.3421
41.9149
42.1538
42.2778
42.8
42.8696
43.1647
44.1333
44.4062
44.7561
45
45.1379
45.7639
45.7714
45.8889
45.9412
46.2093
46.3478
46.4184
46.8039
48.0808
48.2
48.6618
48.6667
49.5618
49.7684
49.9111
50.0714
50.1296
50.1702
50.4706
51.9565
52.0244
52.0526
53.5102
53.7183
54
54.2286
54.2667
54.7241
54.7975
55.1905
55.1905
56.1224
56.4348
57.4151
57.7895
59.56
59.8875
60.4947
60.6545
61.7333
62.2105
62.8
62.9643
63.0737
63.2281
63.3462
63.5769
63.7609
64.2619
64.3333
64.6667
64.8041
65.0423
65.5926
66.0988
66.5172
66.7213
67.3571
67.4598
68.1562
68.5217
68.7564
68.875
69.1163
69.75
69.7936
70
70.7979
71.6667
72.8871
74.2609
74.3043
74.8854
74.9306
75.6735
76.7209
76.8485
76.9495
77.3816
77.3881
77.8095
77.8478
78
78.1754
78.3784
78.589
79.0588
79.1111
79.6087
80.4545
80.7363
80.9388
80.9474
81.48
82.1096
82.3375
82.6379
82.6835
83
83.0638
83.1515
83.9825
85.0638
86.0957
86.56
86.7619
87.037
87.2447
87.3023
87.3838
87.4396
87.5
87.6286
87.9211
87.942
87.9895
88.8041
90.0357
90.1389
91.0513
91.2065
92.1167
92.241
92.6196
92.7193
93.35
93.8817
94.3137
94.5797
94.6452
94.6883
94.803
95.1867
95.2727
95.9302
96.3333
97.2558
98.15
98.6333
98.6857
99.1429
99.3373
99.5185
99.5618
100.065
100.98
101.558
102.132
102.455
102.549
103.809
104.042
104.25
104.882
105.269
105.529
105.6
105.94
106.208
106.938
107.042
108.141
108.157
108.478
108.72
108.8
108.93
110
110.943
111.039
111.278
111.708
112.414
114.32
114.557
114.725
115.359
115.383
115.559
116.062
116.126
116.157
116.535
117.16
117.402
117.96
118.071
119.056
119.326
119.537
119.562
119.75
120.844
120.867
121.04
121.229
122.462
122.762
123.106
123.165
123.429
123.44
123.5
123.783
124.077
124.611
125.075
125.357
125.382
125.435
126.153
126.253
126.283
127.214
129.063
129.075
129.08
129.205
129.278
129.803
129.84
130.863
130.979
132.139
132.308
132.914
133.075
133.3
133.78
134.406
134.8
134.86
135.169
135.475
135.667
136.029
136.116
136.328
136.739
136.939
137.2
137.493
137.76
137.962
138.791
138.857
138.899
140.151
140.4
141.143
141.429
141.536
141.637
142.673
143.052
143.268
143.275
143.727
143.857
143.917
144.484
144.707
144.881
145.039
145.043
145.94
146.545
147.153
149.143
149.284
149.625
149.633
149.633
149.814
150.037
150.696
151.463
152.374
152.767
153.333
153.935
154.057
154.217
154.859
155.638
156
156.102
156.475
156.603
157
157.115
157.163
157.602
158.483
159.021
159.214
159.545
161.259
162.059
162.293
162.411
162.598
162.711
162.78
163.52
163.842
164.318
164.787
165
165.044
165.293
165.539
165.792
165.855
166.386
167.273
167.538
167.702
168.179
168.653
169.136
169.969
170.26
170.533
170.533
171.64
171.955
171.956
172.693
173
173.638
174.536
175.154
175.388
175.488
175.514
175.718
176.061
176.071
176.108
176.989
177.17
177.339
177.341
177.451
178
178.971
179.226
179.342
181.135
181.371
181.389
181.624
181.66
181.75
181.953
182.22
182.27
183.395
183.558
184.066
184.108
184.658
184.947
185.293
185.417
185.475
185.561
185.692
186.062
187.823
188.333
188.5
188.564
189.06
189.278
190.175
190.194
190.247
190.667
190.865
191.194
191.333
192.072
192.2
192.22
192.367
192.374
192.959
194
194.385
194.75
194.923
194.955
195.31
195.489
195.767
196.329
196.514
196.73
197.516
197.933
198.86
199.8
200.15
200.737
200.949
201.421
203.491
204.297
204.877
205.488
205.703
206.333
206.361
206.734
207.01
207.513
208.224
208.367
208.643
208.67
209
209.37
209.449
209.765
210.264
210.532
211.5
212.593
212.767
213
213.071
213.676
214.476
214.526
215.438
215.633
215.909
216.46
216.512
216.537
217.306
218.452
218.548
218.684
218.897
219.159
219.73
220.15
221
221.379
221.459
221.606
223.2
223.549
223.692
223.894
224.025
225.897
225.91
226.762
227.424
227.643
227.667
227.804
228.765
229.5
229.741
230.352
230.372
230.422
230.863
231.023
231.218
231.515
232.185
232.443
232.64
233.301
233.373
233.494
233.5
233.687
233.8
234.684
235.119
235.173
235.946
236.098
236.419
236.433
236.633
236.86
236.896
237.86
238.012
240.744
240.823
241.086
241.556
241.92
242.293
242.463
242.682
243.262
243.298
243.426
243.92
244.242
244.475
245.113
245.49
245.5
245.522
245.688
245.75
245.87
246.074
246.371
246.38
248.067
248.319
248.4
249.429
249.826
250.23
250.376
250.589
250.829
251.333
252.329
254.685
254.778
254.931
255.043
255.458
255.902
255.967
256.021
256.448
256.474
256.708
256.918
257.036
257.495
257.736
258.074
258.143
258.5
258.753
258.787
259.091
259.102
259.247
259.574
259.865
259.889
260.42
260.573
261.519
262.39
262.39
263.556
264.562
264.8
265.247
265.52
265.707
266.797
266.969
268.011
268.071
268.486
268.935
268.964
269
269.321
269.356
269.457
269.638
269.962
270.231
270.899
271.163
271.224
271.931
272.494
273.652
273.67
273.673
273.8
274.5
274.737
274.844
275.808
276.107
276.123
276.184
276.545
276.57
277.823
277.882
278.55
278.735
279.271
279.329
279.352
279.608
280.067
280.197
280.582
280.765
280.84
281.053
281.343
281.41
281.798
281.833
282
282.824
283.385
283.528
283.649
283.8
283.932
284.325
284.37
284.527
285.882
286.28
286.756
286.83
287.684
288.625
288.808
289.938
289.974
290.477
290.717
291
292.462
292.534
292.72
292.893
293.202
293.281
293.333
293.607
294.905
295.115
295.351
295.505
295.721
296.145
296.693
297.628
297.65
298.319
298.442
298.47
298.75
298.765
299
299.26
299.3
299.839
299.909
300.704
300.842
300.979
301.232
301.333
301.608
302.098
302.122
302.244
302.7
302.836
304.111
304.349
304.568
304.815
304.898
304.926
304.957
305.064
305.179
305.896
306.131
306.745
307.232
307.417
307.742
308.154
308.78
309.553
309.705
310.167
310.42
310.933
311.082
311.5
312.047
312.294
313.032
313.602
314
314.12
314.259
314.532
314.86
315.458
315.64
315.705
315.745
315.973
316.269
316.378
316.466
317
317.218
317.803
318.302
318.823
319.04
319.44
320.261
321.828
322.333
322.704
324.162
324.244
324.732
324.732
324.8
325.037
325.228
325.406
326.318
326.333
326.667
328.096
328.105
328.25
329.117
329.18
329.987
330.016
330.725
330.815
332.348
332.902
333.054
333.2
333.75
333.886
334.085
334.277
334.39
334.667
335.013
335.357
336.174
336.333
336.814
337.139
338.105
338.833
338.979
339.074
339.5
339.875
340.812
340.955
341.32
341.346
341.894
341.951
342.216
342.629
342.719
343.167
345.323
345.58
345.6
345.605
345.705
346.173
346.746
346.865
347.092
347.19
347.776
347.867
348.329
348.691
350
350.774
351.309
351.652
351.826
352.374
352.386
352.455
352.479
353
353.343
353.431
353.632
355.556
356.219
356.25
356.421
357
357.343
357.72
357.894
358.855
359.164
359.6
360
360.169
361.722
362.32
362.876
363.353
364.031
364.429
364.71
364.746
365.366
365.38
365.695
366.716
367.929
368.262
368.286
368.344
368.358
368.829
368.854
369.077
369.865
369.927
369.927
370.5
371.636
371.645
372.424
373.062
373.75
374.338
374.478
374.769
374.866
375.027
375.444
375.747
376.5
376.545
376.968
377.256
377.396
377.518
377.625
377.802
378
378.556
378.706
378.772
379.111
379.605
379.845
381.889
381.953
383.694
384.57
385.33
385.462
386.528
387.048
387.464
388.51
388.581
388.97
389.342
389.362
389.697
390.283
390.457
390.659
391.127
391.235
391.74
392.466
393.147
393.931
394.556
395.951
396.881
397.485
397.833
398.429
398.989
399.205
399.212
401.87
402.302
402.78
402.935
403.125
403.957
404.328
404.405
404.562
404.727
405.12
405.144
405.692
407.214
407.219
407.577
407.577
409.133
409.476
410.148
410.747
411.449
412.333
412.644
413.155
413.326
414.101
414.431
414.479
414.653
417.659
417.672
417.792
418.288
418.5
418.636
418.756
419.443
419.624
420.352
420.468
420.633
420.691
420.823
422.475
423.349
423.475
424.384
424.537
424.958
425.156
425.283
425.495
425.549
425.984
426.056
426.08
426.407
427.245
427.33
427.535
427.64
428.082
428.214
428.615
429.059
429.106
430.333
430.384
430.521
430.667
431.157
431.409
431.51
432.589
432.902
433.375
433.405
434.087
434.259
434.818
435.083
435.6
435.8
435.847
436.32
436.488
436.6
436.737
436.763
437.537
437.841
438.514
438.725
438.766
439.681
440.086
440.151
440.287
441.071
441.128
441.56
442.161
442.321
442.468
442.689
442.784
442.889
442.93
442.957
443.198
443.288
443.5
444.233
444.507
444.949
446.086
447.169
448.386
448.485
448.556
448.857
450.963
451.5
452.172
452.24
452.419
452.553
452.914
452.97
453.011
453.044
453.659
453.941
454.333
454.568
454.99
456.196
456.287
456.292
456.424
458.079
458.422
458.649
458.684
459.708
460.106
460.586
460.61
461.136
461.418
462.059
462.062
462.067
462.079
462.103
462.132
462.672
462.9
463.333
463.423
463.433
465.739
465.771
466.038
466.3
466.341
466.476
466.557
466.771
467.567
467.859
468.206
468.733
468.794
469.085
469.462
469.8
470.058
472.231
472.361
472.813
472.982
473.727
473.857
474.056
474.311
475.256
475.813
476.189
476.724
476.948
477.625
478.286
478.333
478.538
478.672
479.456
479.684
479.735
480.802
481.319
481.37
481.4
482.75
483.793
484.1
484.289
484.603
485.333
487.541
487.727
488.164
488.727
489.239
489.771
490.744
491.189
491.281
491.508
491.809
492.659
492.673
493.075
493.711
494.835
495.721
496.648
497.236
497.493
497.692
497.866
497.952
498.789
499.639
499.687
500.09
500.303
500.544
500.711
501.333
501.687
501.694
501.714
502
502.345
502.429
502.529
502.827
502.909
502.917
503.138
503.153
503.263
503.304
503.615
503.742
504.034
505.206
505.744
506.356
506.49
506.512
506.544
506.703
506.714
507.722
507.75
507.978
508.807
509.051
509.062
509.09
509.373
509.959
510.378
510.545
510.627
512.213
512.323
512.531
513.13
513.475
514.188
514.75
515.343
515.465
515.865
515.919
516.108
516.884
516.887
517.177
518.016
518.176
518.681
518.714
518.796
519.256
519.75
520.395
520.798
520.928
521.032
522.225
522.3
522.818
522.853
523.229
523.429
524.209
525.365
526.143
526.244
526.739
527.118
527.513
527.789
528.375
530.105
531.169
531.464
531.646
533.127
533.3
533.526
533.81
534.189
534.907
535.088
535.141
535.538
535.639
536
536.265
536.718
536.732
537.133
538.156
538.192
538.284
538.547
538.88
539.141
539.196
539.46
540.033
540.771
540.909
541.074
541.121
541.167
541.573
541.71
543.377
544.074
544.318
544.553
545.298
545.667
545.956
546.7
547.021
547.071
547.156
547.571
548.796
548.969
549.217
549.543
550.119
550.202
550.286
550.433
551.333
551.878
552.068
552.325
552.379
552.464
552.786
553.16
553.312
553.81
554.529
554.84
554.921
555.798
556.06
556.556
557.5
557.869
557.9
558.182
558.315
558.633
558.855
559
559.117
559.138
559.427
559.523
560.114
560.23
560.288
560.531
560.726
562.253
562.449
562.716
563.208
563.233
563.578
563.71
564.513
564.727
566.292
566.512
566.659
567.317
567.553
567.841
567.872
568.258
570.261
570.434
571.375
571.436
571.558
572.024
573.438
573.667
574.395
575.294
575.487
576.4
576.936
577.798
578.131
578.546
578.829
579.205
579.32
579.323
580.101
580.365
580.408
580.554
580.811
581.521
581.696
581.723
581.969
582.83
582.93
583.091
583.221
583.382
583.42
583.612
584.556
585.23
585.297
585.566
586.57
586.584
586.933
587.167
587.432
588
588
588.16
589.108
589.288
590.019
590.269
590.571
590.7
591.461
591.575
592.205
592.884
593.441
594.049
594.721
595.082
595.17
595.463
595.484
597.148
597.667
597.886
598.212
599.607
599.875
600.417
601.1
601.189
601.473
601.82
602.731
602.99
603
603.207
603.388
603.559
603.612
604.08
604.194
604.286
604.316
604.731
604.789
605
605.432
606
606.235
606.298
606.309
606.598
606.61
607.132
607.603
608.214
608.333
608.531
608.721
609.471
610.573
610.72
610.95
611.6
612.31
612.925
614.345
614.477
614.788
615.342
616.034
616.2
616.329
617.378
617.815
618.619
618.759
619.462
619.549
619.892
620.924
621.198
621.389
621.972
622.151
622.222
622.243
623
623.378
623.968
624.549
624.732
624.955
624.987
625.632
626.122
626.192
626.272
626.373
627.088
627.654
627.849
628.769
629.169
629.208
629.732
629.741
630.188
630.363
630.944
631.487
631.533
631.713
631.854
632.18
632.529
632.532
632.561
632.6
632.787
632.822
633.291
634.114
634.843
635.368
635.829
636.505
636.986
637.738
638.078
638.935
640.204
640.609
640.667
640.95
641.143
641.178
641.784
641.833
642.61
642.67
643.033
643.49
643.513
643.566
643.727
643.833
644.408
645.465
645.775
645.8
646.032
646.048
646.382
646.765
647.05
647.19
647.226
647.312
647.487
647.842
647.983
648.614
649.578
649.827
649.948
650.077
650.452
650.667
651.711
652.031
652.35
652.923
653.6
655.18
655.222
655.56
656.754
657.012
658.012
658.617
658.688
658.713
659.036
660.231
660.485
661.133
661.802
662.075
662.078
662.393
662.663
662.717
663.157
663.662
663.812
664.333
664.457
664.742
665.082
665.408
665.8
665.944
666.447
667.53
668.068
668.194
668.797
668.909
669.309
669.542
670.031
670.426
671.177
671.75
672.021
672.244
672.646
673.257
673.458
673.655
674.655
674.787
674.897
675.164
676.393
676.765
677.107
677.354
677.549
677.73
678.137
678.299
679.076
679.184
679.211
680.909
681.568
681.81
683
683.5
684.306
684.424
684.465
684.597
684.609
685.269
685.84
686.636
686.763
687.356
687.633
687.75
688.957
689.069
689.314
691.134
691.271
691.574
691.6
691.657
691.82
692.117
692.292
692.519
692.67
692.769
692.846
692.872
693.113
693.119
693.267
693.433
693.63
693.976
695.087
695.113
695.674
695.728
695.882
698.065
699
699.062
699.133
700.024
700.717
700.753
701.268
701.417
701.42
701.941
702.507
703.012
703.57
704.309
704.841
705.079
705.25
705.908
706.188
706.317
706.323
706.691
706.846
707.25
707.476
707.796
707.893
707.902
708
708.924
709.019
709.181
709.281
709.541
709.681
710.87
710.892
711.065
711.203
711.987
712.265
712.591
712.707
712.973
714.185
714.25
715.211
715.65
715.75
716.702
716.887
717.543
719.162
719.944
720.289
720.391
720.874
721.129
721.28
722.032
722.545
722.629
723.402
723.962
724.034
724.544
724.603
724.622
724.778
724.851
725.417
725.625
726.56
726.569
727.153
727.548
727.586
728
728.753
728.879
728.93
729.103
729.478
729.793
729.815
729.968
730.321
730.375
730.468
730.483
730.926
731.526
732.598
733.704
734.654
735.964
736.051
736.09
736.239
736.282
737.132
737.243
738.056
738.707
738.8
739.154
739.528
739.641
739.978
740.208
741.208
741.212
741.451
742.267
742.463
742.667
743.145
743.364
743.651
743.84
745.945
745.975
746.14
746.476
746.581
746.646
746.968
747.556
747.703
748.458
749.618
750.094
750.17
750.914
750.928
751.312
751.56
751.695
752.574
752.975
753.656
753.966
753.969
754.062
754.2
754.52
754.849
754.944
755.161
756.339
757.588
758.316
759.094
759.6
759.864
759.873
760.102
760.327
761.091
761.812
761.824
761.979
762.235
762.3
762.534
763.217
763.323
764.429
764.732
764.966
765.132
765.151
765.39
765.909
766.162
766.324
766.538
766.897
767.867
768.094
768.629
768.938
770.469
770.707
770.947
771.062
771.077
771.19
771.333
771.687
771.701
772.74
773.52
773.818
774.104
774.263
774.5
774.867
776.1
776.261
776.444
777.133
778
778.01
778.242
778.513
778.929
779.061
780.571
780.814
781.415
781.522
781.682
781.832
782.01
782.083
782.242
782.618
783.747
784
784.495
784.541
784.724
785.195
785.516
785.534
786.571
786.694
787.391
787.976
788.197
788.5
788.608
789.954
790.081
790.164
791.232
791.702
792.406
792.477
792.64
792.962
793.253
794.323
795.144
796.645
796.77
797.161
797.17
797.427
797.649
798
798.233
798.25
798.591
798.731
798.794
799.042
799.218
799.297
799.905
799.957
800.113
800.977
801.089
801.222
801.8
803.531
804.059
804.573
804.906
804.907
805.214
805.484
805.5
806.697
807.232
807.873
808.266
808.733
809.067
809.144
809.462
809.674
809.825
810.821
810.901
811.062
811.484
813.079
813.082
813.732
815.337
815.697
815.804
816.19
816.578
816.754
817.167
817.254
817.351
817.444
818.32
818.333
819.398
819.536
819.64
820.169
821.542
821.711
823.078
823.622
824.165
824.864
825.143
825.841
825.842
826.365
826.791
826.99
827.5
827.697
827.952
828.359
829.654
830.043
830.311
830.603
831.495
832.375
832.778
833.136
833.773
833.8
834.085
834.125
834.144
834.872
835.7
836.373
836.571
837.295
837.955
838.077
838.182
840.125
841.263
841.381
841.526
841.771
842.69
842.796
843.182
843.303
843.865
844.79
845.172
845.378
845.857
846.081
846.482
847.242
847.772
848.055
848.39
848.56
848.571
849.531
849.542
849.573
849.786
849.968
850.634
850.9
851.536
851.59
851.615
851.824
852.186
852.203
852.282
853.654
853.708
854.256
854.354
856.548
856.571
856.787
858.188
858.271
858.638
858.833
859.033
860.558
861.063
861.127
861.233
861.57
861.576
861.979
862.138
862.461
862.792
862.811
862.855
863.293
863.92
864.645
864.954
865.2
865.31
865.391
865.409
865.969
866.424
867.947
868.013
868.885
869.016
870.083
870.092
870.568
870.65
871.123
871.417
873.286
873.476
874.094
874.253
874.69
875.26
876.111
876.124
876.178
877.256
877.928
878.065
878.573
878.796
878.8
879.5
879.724
880.221
881.14
881.55
882.882
883.218
884.031
884.261
885.393
885.681
886.424
886.429
886.478
886.68
887.287
887.81
887.831
888.41
888.484
889.209
889.551
889.827
890.155
890.912
890.923
891
891.026
891.333
891.568
892.17
892.2
893.078
893.433
894.229
894.353
894.585
894.895
895.077
895.776
896.643
896.688
896.961
897.141
897.236
897.292
897.484
897.584
897.636
898.367
898.583
899.08
899.514
899.702
899.83
900.205
900.31
900.362
902.565
902.753
902.784
903.429
903.531
903.722
903.764
904.343
904.805
904.909
905.31
905.508
906.01
907.013
907.296
907.632
908.042
909.238
909.475
910.228
910.576
910.889
911
911.553
911.759
912.337
912.439
912.561
912.667
913.726
914.247
914.606
914.74
914.974
915.942
916
916.717
916.968
917.081
917.987
918.793
918.863
918.941
919.86
920.173
920.471
920.515
920.853
921.385
922.165
922.839
923.133
923.491
923.55
923.565
923.84
923.875
924.226
925.055
925.51
925.517
925.564
925.569
925.662
926.404
926.5
926.638
927.272
927.546
927.725
927.809
928.615
928.629
928.697
928.712
929.737
930.021
930.467
931.532
931.78
931.798
932.342
932.524
933.14
934.079
934.714
935.167
935.61
935.827
936.069
936.143
937.723
938.114
938.415
940.456
940.912
941.114
941.37
941.415
941.458
941.505
942.439
942.531
942.779
943.061
943.297
943.333
945.095
945.151
945.455
946.216
946.379
946.413
946.576
946.879
947.476
947.781
947.924
948.221
948.414
948.99
949.588
949.839
950.43
950.771
951.702
952.078
952.405
952.63
952.8
953.232
953.459
953.756
955.081
957.011
957.5
957.775
958.182
958.573
958.789
958.874
959.565
959.975
960.058
960.1
960.211
960.641
960.723
960.882
961.55
961.921
962.786
963.098
963.276
963.55
964.484
964.609
964.613
965.286
965.987
966.103
966.225
967.458
967.667
969.921
970.063
970.558
970.632
970.812
972.148
972.643
972.806
972.907
973.438
974.678
976.224
976.39
976.583
976.656
976.778
977.29
978
978.05
978.268
978.518
978.932
979.527
979.575
980.143
980.763
982.38
982.867
983.036
983.321
984
984.042
984.62
984.655
984.734
984.841
985.574
985.806
986.649
987.04
987.211
987.5
987.652
987.909
988
988.3
988.373
988.465
988.5
988.656
988.729
989.17
989.364
990.229
990.395
990.857
991.643
992.485
992.988
993.147
993.884
994.031
994.156
994.292
994.616
994.696
994.907
995.247
995.467
995.727
996.541
996.81
996.833
996.929
997.684
997.887
998.017
998.022
999.231
999.69
1001.51
1001.7
1001.71
1002
1002.18
1002.21
1002.23
1002.58
1003
1003.57
1003.85
1004.23
1004.95
1005.05
1006.52
1006.62
1006.67
1006.95
1008.35
1008.54
1008.87
1009.11
1009.15
1009.2
1009.21
1009.66
1009.66
1009.67
1010.19
1010.73
1011.44
1012.15
1012.45
1012.92
1013.5
1014.15
1014.15
1014.49
1014.59
1014.79
1014.95
1015.38
1015.57
1016.39
1017.1
1017.44
1018.2
1018.56
1018.8
1018.83
1018.96
1019.83
1020.28
1020.6
1020.62
1020.65
1020.8
1021.12
1021.38
1021.7
1022.16
1022.19
1022.44
1022.52
1022.58
1022.91
1022.96
1023.49
1023.99
1024.1
1024.62
1024.73
1025
1025.4
1025.56
1026.31
1027.39
1027.47
1027.62
1027.7
1027.96
1028.17
1028.87
1029.04
1029.34
1029.74
1030.38
1031.3
1031.9
1032.44
1032.46
1033.07
1033.5
1033.89
1034.45
1034.67
1035.01
1035.27
1035.67
1035.75
1036.28
1036.49
1037.13
1037.36
1037.56
1037.68
1038.05
1038.08
1039.86
1040.08
1040.62
1040.75
1041.58
1042.99
1043.67
1044.18
1044.77
1045.95
1046.14
1046.22
1046.94
1047.41
1047.6
1049.72
1049.96
1050.26
1052.13
1052.48
1052.74
1053.08
1053.12
1054.74
1055.82
1056.32
1057.18
1058
1058.27
1058.29
1058.43
1058.51
1058.77
1059.07
1059.1
1059.37
1059.62
1060.6
1061.13
1062.64
1062.72
1062.96
1063.98
1063.99
1064.29
1065.37
1066.03
1066.1
1066.52
1066.66
1066.85
1067.41
1067.45
1067.56
1067.93
1069.75
1070.43
1070.8
1070.96
1071.07
1071.65
1071.95
1072.26
1072.57
1072.98
1073.09
1073.33
1073.58
1074.18
1074.39
1074.51
1074.66
1075.23
1076.05
1076.13
1076.17
1076.21
1076.41
1076.43
1076.84
1077.09
1077.33
1078.05
1078.06
1078.18
1078.75
1080.11
1080.32
1080.84
1080.84
1080.98
1081.27
1081.83
1081.95
1082.69
1083.11
1083.25
1083.5
1084.23
1085.59
1086.43
1087.51
1087.58
1087.59
1088.36
1088.79
1088.86
1088.87
1089.53
1090.31
1090.83
1091.13
1091.75
1092.29
1092.3
1092.3
1095.45
1095.47
1095.58
1096.3
1098
1098.53
1098.54
1098.98
1099.39
1099.52
1099.98
1100.86
1101.31
1101.7
1101.87
1102.25
1102.26
1102.42
1102.92
1103.28
1103.43
1103.69
1103.87
1103.9
1104.22
1104.44
1104.57
1104.98
1105.41
1105.94
1106.14
1106.78
1107.28
1107.41
1107.69
1108.04
1109.01
1109.75
1110.43
1110.69
1111.16
1111.2
1111.64
1112.44
1112.45
1112.47
1113.25
1113.45
1113.49
1113.54
1114.18
1115.76
1116.4
1116.53
1116.82
1117.14
1117.18
1117.19
1117.31
1117.72
1119.25
1119.4
1119.44
1119.83
1120.09
1120.12
1120.23
1120.35
1120.84
1120.88
1121.32
1122.61
1122.8
1122.95
1123.02
1123.65
1123.78
1124.55
1125.03
1125.26
1125.58
1126.47
1126.79
1127.78
1127.96
1128.25
1129.4
1129.82
1129.97
1130
1130.35
1130.36
1130.81
1130.86
1130.98
1131.01
1131.06
1131.6
1131.92
1132.46
1132.76
1133.34
1133.65
1134.23
1134.9
1135.33
1135.43
1135.87
1135.93
1135.99
1136.4
1136.82
1137.42
1137.68
1138.05
1138.36
1138.49
1138.66
1139
1139.21
1139.85
1140.06
1140.68
1142.27
1143.9
1144.02
1144.45
1147.07
1148.26
1148.62
1149.68
1150.09
1150.19
1150.26
1150.32
1152.07
1152.32
1152.62
1152.67
1153.93
1154.8
1154.97
1155.41
1157.11
1157.93
1158.12
1158.58
1158.81
1159.09
1159.33
1159.51
1160.18
1160.74
1161.4
1161.58
1162.33
1163.21
1164.67
1164.89
1165.05
1165.53
1166.22
1166.94
1167.15
1168
1168.66
1169.81
1170.8
1170.92
1172.1
1172.67
1174.25
1174.55
1174.71
1174.75
1175.32
1176.65
1177.55
1177.83
1178.74
1179.2
1179.32
1179.4
1179.41
1179.67
1180.44
1180.51
1180.96
1181.17
1181.81
1182.68
1184.08
1184.14
1184.69
1186.43
1186.62
1186.75
1187.25
1187.57
1187.61
1188.76
1189
1189.27
1189.48
1190.2
1190.22
1190.34
1191.63
1192.38
1193.29
1194.87
1195.26
1195.62
1195.9
1196.22
1197.2
1197.58
1197.97
1199.08
1199.89
1200.6
1200.62
1201.49
1202.95
1202.96
1203.15
1203.17
1203.27
1204.23
1204.5
1205.72
1206.21
1207.14
1207.17
1207.46
1208.33
1208.9
1209.21
1210.15
1210.49
1210.5
1210.83
1211.04
1211.25
1211.55
1211.97
1212.09
1212.14
1213.01
1213.33
1214.08
1215.33
1215.91
1216.15
1216.21
1216.39
1217.72
1218.43
1218.54
1218.88
1219.66
1220.07
1220.07
1221.39
1221.77
1221.82
1222.6
1222.73
1223.12
1223.78
1223.89
1224.26
1224.38
1225.27
1225.73
1226
1226.06
1226.42
1226.66
1226.68
1227.08
1227.85
1228.05
1229.37
1229.38
1229.49
1229.61
1229.8
1230.75
1233.35
1233.71
1234.04
1234.44
1234.55
1235.68
1235.98
1236.36
1236.56
1236.59
1237.3
1239.35
1239.71
1240
1240.1
1240.68
1242.71
1244.26
1244.73
1245.11
1245.34
1245.47
1245.91
1245.93
1246.26
1246.77
1246.95
1247.1
1247.55
1248.33
1250.85
1251.03
1251.17
1251.5
1253.17
1253.24
1254.43
1254.95
1255.41
1255.72
1256.42
1256.58
1257.14
1257.46
1257.76
1259.62
1259.8
1260.67
1261.42
1261.62
1262.14
1263.06
1263.75
1264.79
1265.08
1265.11
1265.2
1265.51
1267.1
1269.34
1269.52
1270.47
1272.64
1275.53
1275.84
1277.16
1277.31
1277.5
1278.17
1279.81
1281.39
1281.64
1281.87
1283.51
1283.78
1285
1285.39
1286.41
1287.8
1287.92
1288.08
1288.14
1288.5
1288.7
1288.73
1289.33
1289.94
1290.75
1291.13
1291.52
1292.02
1293.04
1293.31
1293.37
1293.6
1293.68
1293.85
1293.88
1293.98
1294.06
1294.49
1294.67
1294.91
1295.58
1295.72
1296.17
1296.27
1296.43
1296.71
1297.94
1298.35
1298.49
1298.58
1299.25
1299.3
1299.71
1300.74
1301.4
1303.07
1303.18
1304.45
1304.57
1304.94
1306
1306.42
1307.19
1308.28
1308.96
1309.32
1309.52
1310.71
1310.72
1311.67
1312.85
1313.32
1313.57
1314.11
1315.43
1316.04
1316.17
1316.27
1316.98
1317.57
1317.58
1318.2
1319.27
1319.65
1319.79
1319.83
1320.86
1321.45
1322.46
1322.57
1323.8
1323.87
1324.05
1324.16
1324.78
1324.98
1325.6
1326.73
1327.15
1327.31
1327.85
1328.63
1328.91
1329.33
1331.11
1331.44
1332.63
1332.81
1335.52
1335.81
1338.72
1339.47
1340.48
1341.3
1341.86
1342.59
1344.33
1345.7
1346.14
1346.61
1346.93
1347.96
1348.38
1349.28
1351.16
1351.85
1352.88
1353.09
1353.79
1355.97
1356.6
1356.86
1358.02
1358.31
1358.69
1359.93
1360.49
1360.94
1361.23
1361.31
1361.66
1366.65
1368.03
1369.95
1370.98
1373.21
1374.48
1375.86
1376.95
1377.53
1377.74
1377.88
1379.52
1380.42
1380.43
1381.69
1382.5
1383.67
1384.22
1387.39
1388.26
1388.88
1389.43
1389.91
1391.85
1392.94
1393
1393.26
1393.75
1393.75
1393.86
1394
1394.38
1395.62
1395.81
1396.54
1397.15
1398.16
1398.21
1399.54
1399.85
1400.13
1400.49
1400.69
1400.71
1400.76
1400.87
1401.49
1401.95
1402.5
1403.9
1403.93
1405
1405.68
1406.15
1407.24
1409
1409.08
1409.36
1409.4
1410.5
1410.97
1410.98
1411.58
1411.87
1412.37
1412.45
1412.87
1413.87
1416
1418.67
1418.73
1420.03
1420.25
1420.8
1421.63
1422.4
1423
1424.96
1425.07
1426.29
1427.89
1428.4
1428.47
1428.56
1429.5
1430.5
1430.89
1431.52
1432.38
1432.54
1433.19
1433.21
1434.51
1435.39
1436.71
1437.48
1437.63
1437.81
1439.02
1439.54
1440.46
1441.05
1442.22
1444.33
1445.43
1445.64
1445.92
1446.15
1448.04
1450.02
1451.37
1451.61
1452.16
1452.4
1452.58
1452.89
1453.2
1455.23
1456.13
1456.73
1458.23
1458.65
1458.83
1459.08
1459.17
1460.97
1461
1461.42
1463
1463.08
1463.21
1463.98
1464.12
1465.11
1465.34
1467.29
1468.38
1469.16
1469.45
1469.83
1469.97
1470.69
1470.75
1473.35
1473.42
1474.3
1474.37
1474.58
1475.08
1475.62
1476.58
1476.58
1476.84
1477.29
1477.84
1477.89
1478.03
1480.4
1480.83
1481.84
1482.6
1482.64
1482.67
1483.43
1483.47
1483.78
1483.88
1483.92
1485.47
1486.85
1487.05
1487.71
1490.89
1491.16
1492.54
1492.88
1493.25
1494.2
1497.11
1497.57
1498.23
1499.95
1500.33
1501.39
1501.42
1502.02
1502.88
1503
1504.02
1504.2
1504.48
1507.69
1508.02
1508.13
1510.08
1510.35
1510.92
1511.8
1512.76
1512.96
1513.29
1513.95
1514.11
1516.14
1516.18
1517.45
1517.81
1517.83
1518.08
1519.1
1519.94
1520.91
1521.38
1521.64
1523.07
1524.87
1524.92
1525.89
1526.23
1526.88
1527.33
1527.9
1527.98
1528.66
1529.89
1530.61
1530.73
1531.52
1532
1532.41
1533.25
1533.55
1533.87
1534.6
1535.06
1536.39
1536.6
1538.06
1538.44
1540.06
1540.85
1541.76
1542.4
1543.04
1543.5
1543.52
1545.98
1546.07
1549.62
1550.69
1550.89
1550.94
1553.16
1553.52
1554.3
1555.89
1556.09
1557
1557.86
1559.7
1560.35
1560.65
1561.19
1561.79
1562.76
1563.31
1564.75
1566.27
1567.96
1571.25
1571.33
1573
1576.87
1576.9
1578.12
1580.07
1581.44
1583.63
1584.64
1585.11
1585.5
1586.08
1586.4
1588.36
1588.92
1589.15
1591.21
1593.19
1593.39
1593.81
1595.56
1596.15
1597.33
1598.19
1599.39
1599.74
1600
1600.2
1600.46
1601.98
1602.08
1603.82
1604.9
1604.91
1605.71
1605.72
1606.09
1606.28
1607.02
1607.79
1608.47
1608.94
1609.67
1609.68
1610.28
1610.75
1611.39
1611.95
1612.68
1613.13
1613.22
1613.83
1616.03
1616.88
1617.16
1617.27
1618.3
1618.49
1618.98
1619.27
1619.68
1621.57
1622.57
1624.2
1625.75
1628.82
1629.27
1630.5
1631.15
1631.61
1632.36
1633.55
1633.97
1639.53
1642.44
1646.63
1647.17
1647.57
1647.95
1647.96
1649.52
1651.06
1651.56
1651.59
1652.15
1653.06
1653.41
1654.39
1654.83
1655.79
1658.45
1659.45
1661.63
1662
1662.02
1663.94
1664
1665.49
1665.67
1666.95
1669.67
1673
1675.39
1675.53
1675.57
1675.6
1678.8
1679.14
1679.66
1681.41
1682
1682.32
1683.78
1684.16
1685.8
1688.32
1690.18
1690.5
1691.38
1692.06
1692.45
1694.51
1695.07
1695.41
1697.69
1699.78
1701.42
1704
1704.98
1705.94
1706.54
1707.95
1709.62
1709.66
1711.64
1713.42
1713.92
1716.09
1717.6
1717.72
1718
1718
1719.12
1719.96
1721.47
1724.08
1724.72
1725.65
1726.94
1727.44
1729.25
1729.67
1729.76
1731.17
1732.38
1732.68
1735.65
1736.77
1738.64
1742.64
1743.73
1744.04
1744.38
1745.59
1747.74
1748.38
1750.8
1751.68
1752.58
1752.61
1752.77
1753.15
1754.45
1754.55
1754.81
1758.55
1758.62
1759.23
1761.21
1761.61
1761.96
1762.14
1762.32
1762.96
1763.15
1765.54
1765.58
1765.89
1768.37
1771.08
1771.33
1771.63
1772.93
1773.33
1780.1
1780.86
1782.14
1783.42
1784.15
1786.32
1792.47
1793.85
1798.74
1799.23
1802.29
1803.55
1803.67
1804.69
1808.33
1809.31
1810
1810.06
1814
1814.7
1815.69
1817.33
1817.62
1820.26
1821.44
1821.49
1823.43
1824.13
1829.12
1829.48
1829.61
1830.83
1831.86
1832.37
1833.87
1834.28
1837.22
1837.96
1840.28
1842.46
1842.76
1842.86
1844.12
1844.92
1847.13
1850.43
1852.19
1852.87
1855.84
1857.3
1858.3
1858.32
1862.35
1865.06
1865.35
1868.3
1869.5
1873.35
1874.21
1875.3
1878
1878.47
1878.92
1880.56
1883
1887.86
1889.55
1891.09
1891.69
1892.32
1892.53
1894.76
1894.8
1895.7
1904
1904.97
1905.37
1906.73
1907.62
1908.54
1912.23
1913.31
1914.57
1919.73
1920.17
1922.27
1923.85
1924.05
1924.12
1933.31
1935.3
1936.47
1939
1940.15
1940.33
1940.53
1940.58
1943.67
1943.67
1943.95
1949.3
1950.13
1950.26
1951.85
1952.04
1954.11
1956.64
1957.79
1958.38
1960.15
1962.03
1965.83
1967.58
1967.89
1967.96
1969.67
1971.39
1971.6
1975.06
1976.61
1977.57
1979.23
1979.36
1981.79
1985.83
1985.91
1986.2
1987.86
1992.12
1993.26
1995.66
1997.38
1999
1999.16
2000.12
2000.82
2003
2005.89
2006.15
2008.12
2008.39
2008.98
2009.71
2009.79
2014.75
2023.06
2024.92
2031.1
2031.91
2038.79
2043.5
2045.38
2045.39
2046.62
2047.76
2051.62
2052.11
2052.59
2056.07
2057.31
2058.08
2059.43
2061.85
2062.69
2064.97
2072.96
2077.87
2084.53
2085.84
2088.55
2089.79
2090.26
2090.35
2092.84
2093.13
2097.83
2098.85
2099.03
2106.51
2107.62
2108.86
2111.4
2113.06
2113.52
2114.91
2115.38
2116.28
2117.65
2118.3
2119.08
2123.67
2124
2126.44
2126.59
2129.92
2137.48
2138.85
2139.21
2145.33
2146.96
2148.31
2149.68
2150.83
2152.05
2154.67
2157.82
2159.19
2161.47
2161.58
2170.86
2171.58
2172.47
2174.86
2178.3
2181.44
2188
2190.59
2191.14
2194.64
2195.58
2196.68
2196.91
2198.38
2201.04
2210.37
2211.48
2212
2217.21
2217.41
2219.33
2222
2222.08
2227.13
2227.2
2230
2230.97
2235.98
2237.95
2239.91
2241.88
2242.56
2244.25
2248.74
2250.47
2250.64
2251.1
2255
2256.03
2258
2258.98
2259.59
2261.47
2264.69
2265.27
2265.61
2266.3
2267.15
2267.34
2276.33
2276.79
2277
2278.37
2282.97
2284.25
2285.81
2287
2288.04
2288.98
2289.57
2289.73
2290.44
2290.91
2291.18
2292.05
2292.57
2294.38
2295.13
2295.47
2297.61
2298.77
2301.28
2301.95
2302.74
2305.64
2305.97
2307.35
2309.28
2309.87
2311.17
2313.64
2316.07
2316.26
2316.79
2317.48
2317.59
2317.66
2319.05
2321.55
2323.32
2323.5
2324.91
2326.58
2331.75
2333.25
2335.73
2338.45
2341.27
2343.9
2345.75
2351.05
2351.2
2351.35
2353.84
2359.47
2363.31
2365.89
2367.21
2370.35
2375.1
2376.79
2377.2
2383.3
2387.93
2388.07
2392.05
2393.46
2395.44
2398.52
2399.31
2399.8
2401.05
2401.63
2402
2405.75
2410.75
2411.14
2411.8
2413.2
2416.11
2416.8
2419.41
2420.6
2421.39
2426.53
2431.05
2432.11
2439.85
2443.5
2443.86
2445.12
2448.8
2448.81
2449.03
2450.67
2454.08
2454.49
2459.78
2460.2
2461.66
2462.14
2466.26
2466.96
2467.06
2468.66
2475.67
2478.78
2484.37
2484.6
2485.29
2489.06
2492.8
2496.14
2497.48
2498.7
2499.2
2502.22
2503.45
2505.79
2516.13
2519.96
2521.7
2521.81
2522.1
2525.96
2526.53
2527.12
2528.65
2533.26
2538.37
2540.11
2541.58
2546.03
2548.94
2549.53
2550.72
2558.31
2558.55
2561.79
2562.26
2568.79
2569.1
2570.35
2571
2572.09
2574.53
2574.81
2575.62
2576.61
2577.74
2578.83
2583.38
2584.96
2585.93
2586.75
2590.09
2591.19
2595.5
2597.16
2599.53
2599.82
2600.69
2600.81
2603.7
2611.28
2613
2617.08
2626.88
2628.54
2630.59
2632.67
2636.53
2637.06
2641.46
2644.89
2649.88
2651
2651.31
2652.56
2653.43
2656.83
2662.45
2664.14
2664.95
2665.68
2667.14
2668.88
2669.48
2670.29
2670.32
2675.35
2675.43
2677.59
2688.76
2693.46
2694.64
2696.86
2701.5
2706.74
2711
2720.83
2724.4
2728.39
2733.31
2734.25
2737.08
2740.44
2741.12
2745.75
2748.89
2751.47
2751.51
2751.81
2756.9
2763.33
2766.69
2767.58
2777.26
2781.3
2782.06
2782.91
2785.56
2790.82
2791.79
2793.18
2793.86
2794.17
2797.21
2798.62
2801.16
2809.68
2810.25
2810.75
2810.83
2812
2815.75
2816.17
2819.93
2820.95
2828.82
2832.39
2836
2837.32
2841.06
2842.89
2849.9
2850.32
2886.06
2886.96
2889.35
2894.92
2906.56
2907.5
2907.7
2914.8
2917.96
2920.16
2920.8
2921.07
2922.81
2927.35
2930.74
2931.08
2932.71
2945.78
2947.13
2949.38
2958.08
2959.7
2962.04
2971.07
2975.81
2986.35
2987.72
2994.14
3000.86
3001.5
3002.21
3019.7
3019.7
3023.17
3023.25
3024.81
3030.64
3035.5
3040.03
3045.04
3045.33
3049.92
3052.07
3052.19
3053
3064.06
3066.93
3068.29
3072.92
3079.48
3083.27
3087.19
3087.96
3090.44
3092.75
3094.26
3103.3
3103.32
3108.25
3111.31
3117.77
3129.83
3140.58
3144.35
3147.33
3151.61
3153.29
3163.5
3164.63
3166.2
3169.37
3172.43
3174.35
3180.5
3182.53
3190.12
3195.97
3204.36
3207.54
3207.79
3209
3212.82
3220.41
3222.26
3226.53
3232.05
3232.95
3234.21
3237.97
3238.93
3244.2
3256.58
3258.36
3259.88
3272.83
3274.79
3278.73
3279.82
3280.97
3281.83
3286.15
3296.9
3302.64
3305.92
3306.91
3307.83
3308.29
3308.83
3309.29
3323.7
3330.85
3332.4
3333.13
3359.07
3363.12
3368.17
3378.54
3379.96
3382.33
3390
3391.48
3392.81
3393.43
3393.83
3396.55
3399.08
3414.32
3421.55
3424.35
3433
3435.68
3440.5
3442.75
3453.39
3457.45
3460.89
3470.37
3472
3477.39
3478.25
3498.22
3503.29
3504.12
3507.67
3508.57
3510.25
3517.56
3523
3523.24
3523.47
3526.36
3530.11
3534.48
3538.44
3564.11
3565.05
3572.39
3576.62
3580.95
3582.82
3584.16
3607.74
3612.3
3615.68
3618.5
3623.38
3628.84
3631.62
3633.58
3634.82
3635.33
3636.1
3636.8
3646.43
3655.05
3655.65
3657.12
3658.31
3659.46
3660.93
3663.52
3673.78
3674.5
3679.78
3684.41
3694.23
3695.72
3702.88
3704.44
3715.36
3722.08
3722.73
3723.67
3733.27
3734.69
3740.44
3743.6
3743.8
3750.17
3758.7
3759.04
3765.88
3766.25
3766.26
3767.12
3770.27
3771.43
3780.26
3790.17
3790.75
3817.27
3826.83
3849.45
3849.71
3856.96
3857.44
3867.68
3869.88
3877.84
3888.69
3922.55
3929.15
3931.08
3950.83
3951.08
3963.77
3967.16
3979.25
3987.38
3993.35
3997
4004.7
4010.8
4018.17
4024.08
4048.07
4078.88
4085.33
4086.3
4104.35
4107.2
4112
4116.78
4124.92
4133.25
4138.5
4138.75
4140.18
4143.79
4143.88
4152.82
4160.5
4165.46
4169.24
4170.8
4174.58
4179.71
4187.53
4193.88
4199.14
4200.14
4207.91
4208.36
4211.7
4218.72
4247.86
4249.29
4265.38
4279.17
4279.53
4281.55
4288.5
4305.86
4307.06
4317.32
4321.91
4329.92
4330.2
4331.37
4341
4362.95
4388.58
4390.29
4398
4410.35
4412
4438
4440.37
4450.78
4453.2
4462.44
4467.05
4467.23
4481
4493.43
4494.2
4501.83
4504.81
4509.05
4519.5
4523.75
4527.43
4548.86
4555
4558.83
4561.1
4575.48
4584.42
4585.25
4601.1
4605.9
4624.71
4630.76
4646.15
4660.89
4662.8
4665.8
4669.62
4670.5
4677.09
4686.77
4690.95
4695.52
4703.06
4704.31
4705.7
4709.21
4711.55
4730.85
4736.46
4763
4768.25
4774.22
4782.71
4788.6
4789.25
4790.27
4802.26
4813
4813.45
4835.25
4845.73
4865.84
4870.28
4872.29
4874.95
4883.17
4901.67
4904.62
4914.89
4935.7
4948.31
4948.5
4962
4972.22
4979.12
4982
5002
5004.75
5006.78
5013.68
5020.46
5043
5045.45
5048.36
5058.33
5064.27
5074.79
5085.4
5086
5092.22
5116.35
5144.07
5169
5176.38
5195.18
5200
5206
5226
5228.08
5251.27
5272.12
5274.5
5280.71
5281.12
5297.94
5300.65
5304.92
5309.54
5322.64
5333.12
5336.22
5345.06
5360.46
5369.6
5371.27
5376.12
5381.53
5397.73
5403.25
5405.56
5410.43
5420.67
5421.29
5421.33
5421.92
5462.75
5477.07
5479.43
5520.11
5526.88
5578.8
5587.08
5594.65
5596.18
5616.18
5621.58
5629
5641.58
5656.4
5659.71
5689.21
5691.62
5692.43
5697.8
5699.69
5714.38
5717.58
5751.83
5752.75
5755.18
5772.3
5794.82
5821.8
5827.57
5859.57
5861
5861.2
5875.73
5894.69
5919.89
5925.75
5933.69
5953.14
5969.62
5970.33
5998.44
6010.87
6012.2
6033.93
6041.29
6076.86
6082.33
6095.36
6098.7
6108.8
6116
6121.5
6128.43
6139.25
6148.25
6162
6174.54
6187.11
6194.2
6196.83
6204
6235.54
6292.38
6292.83
6303.15
6335.27
6340.7
6353.38
6358
6362.87
6364.17
6375.2
6375.91
6427.33
6449.75
6463.33
6465.6
6476
6480.31
6492.8
6494.4
6517.57
6540.71
6545
6562.33
6600.64
6602.42
6617.27
6621.25
6643.67
6655.25
6726.67
6752.1
6756.31
6762.2
6784
6792.62
6822.5
6827.5
6839.14
6885.88
6895.82
6905.62
6923.56
6946.6
6954.23
7004.3
7049.86
7091.18
7091.79
7203.89
7262
7264
7268.75
7360.88
7361
7380
7387.09
7388.18
7415.56
7433.38
7437.42
7450.43
7454.38
7455.83
7461.82
7467.42
7474.71
7499.3
7518
7534.73
7542.57
7559.83
7594.62
7656.67
7683.36
7698.5
7774.38
7788.62
7800.91
7815.5
7824.83
7892
7962.44
7994.2
8006.2
8057.75
8097.67
8120.89
8147.42
8170
8187.89
8224.88
8231.17
8252
8300.8
8307.44
8317
8325.56
8325.89
8336.5
8349.3
8382.18
8429
8434.44
8506.38
8606.82
8610.25
8621
8628.25
8669
8675.2
8688.78
8688.8
8725
8742.67
8750.56
8752.25
8831.5
8837.5
8864.62
8882.17
8894.4
9003
9028.45
9035.25
9037.22
9276
9324
9347
9396.5
9438.6
9469.67
9491.6
9499.86
9517
9588.11
9589
9608
9700.6
9729.33
9745.14
9791.11
9841.67
9885.7
9919.62
10026.8
10027.9
10068.4
10145.2
10212
10215.7
10231.5
10260.6
10337.4
10369.5
10469.5
10485
10522.2
10526
10527.9
10534.3
10569.3
10710.7
10741.5
10752.5
10783.5
10883.4
10891.9
10919.1
11001.8
11052
11060
11072
11268
11319.4
11326.2
11353.4
11356.8
11365
11447.1
11474.2
11480
11527.5
11625.2
11657.8
11795.7
11832.3
11937.8
11941.3
11999.2
12141.5
12242.8
12323.4
12346
12379
12400
12472
12573
12605.3
12612
12635
12643.2
12765.2
12852.2
13032.9
13123.5
13203
13288.4
13373.2
13464
13546.8
13632.2
13663
13735.7
13794.3
13833
13929.5
13978.5
14301.5
14312.8
14461.2
14465.6
14471.5
14543.2
14585.7
14588.3
14617.5
14654.3
14817.4
14901.8
15011.2
15076.4
15138
15251
15308.8
15323.8
15326.6
15382.3
15434.3
15437
15492.5
15538
15604.5
15646.5
15885.5
16204
16223.7
16288
16473.4
16508.8
16524.8
16722.5
16843.8
17259.5
17340.5
17400.2
17629
17844.2
17925.3
17959.2
18004.5
18610
18671
18754
18941.5
19028.2
19084
19144.2
19242.2
19247.8
19369.2
19370
19541.6
19733.2
19756.7
19997
20437
20717.5
21005
21105.5
21639
21687.8
22024.7
22293.3
22329.5
22377.5
23223.8
23343
23597.3
23733
24032.5
24592.3
24613.3
24881
25420
25907
26536
26999
27403.5
27972.3
28230.5
28321
28625
29505
30470
30641.5
31101.3
31778.5
34688
37432
37893
37956
37969
37991
38237
38693
38924
38928.5
39111.5
40301
40407.5
41303.5
42280.5
42496
42824
44926
45117
45313
45815
46525.5
47072.5
47626.5
48289
48497.5
48585
49295.5
49954
51446
55524
56152
56795
57416
57892
59038
59469
62818
63618
67230
69286
69306
69734
73386
76989
77257
77381
77665
78768
79521
80536
81703
83896
85407
86513
90842
95261
95263
